sentence_id	token_id	token	surprisal
1	1	The	1.8836
1	2	woman	8.41941
1	3	brought	7.3037
1	4	the	2.06205
1	5	sandwich	10.0368
1	6	from	3.65165
1	7	the	1.28897
1	8	kitchen	5.39237
1	9	fell	14.0023
1	10	in	2.60167
1	11	the	1.5517
1	12	dining	7.89956
1	13	room	0.887669
2	1	The	1.94366
2	2	woman	8.77262
2	3	who	13.2993
2	4	was	4.14292
2	5	brought	6.03032
2	6	the	4.54063
2	7	sandwich	9.86622
2	8	from	4.02344
2	9	the	1.2654
2	10	kitchen	5.17061
2	11	fell	14.9982
2	12	in	4.08661
2	13	the	1.77304
2	14	dining	7.78793
2	15	room	0.711457
3	1	The	1.87663
3	2	woman	8.5263
3	3	given	8.54638
3	4	the	2.1635
3	5	sandwich	10.0995
3	6	from	5.3938
3	7	the	1.14987
3	8	kitchen	6.25522
3	9	fell	7.55044
3	10	in	2.68905
3	11	the	1.8481
3	12	dining	7.81877
3	13	room	0.719654
4	1	The	1.94402
4	2	woman	8.53333
4	3	who	3.51774
4	4	was	2.87876
4	5	given	5.1277
4	6	the	2.08374
4	7	sandwich	10.5118
4	8	from	4.77391
4	9	the	1.20773
4	10	kitchen	5.7403
4	11	fell	8.68394
4	12	in	2.81561
4	13	the	1.81524
4	14	dining	7.79441
4	15	room	0.758969
5	1	The	1.94209
5	2	convict	13.045
5	3	walked	8.12147
5	4	into	1.97116
5	5	the	1.02879
5	6	dark	6.05803
5	7	cell	9.08255
5	8	tried	14.7343
5	9	to	1.13195
5	10	escape	5.25348
5	11	but	6.17225
5	12	failed	8.02321
6	1	The	1.88483
6	2	convict	12.765
6	3	who	12.6839
6	4	was	3.03198
6	5	walked	11.0337
6	6	into	2.17175
6	7	the	1.02501
6	8	dark	5.97823
6	9	cell	9.08671
6	10	tried	15.4549
6	11	to	2.12755
6	12	escape	5.42179
6	13	but	10.6263
6	14	failed	10.5092
7	1	The	1.88121
7	2	convict	12.9811
7	3	taken	11.6993
7	4	into	4.81358
7	5	the	1.21728
7	6	dark	7.57323
7	7	cell	9.17736
7	8	tried	8.21478
7	9	to	0.392952
7	10	escape	5.30814
7	11	but	6.61668
7	12	failed	5.97516
8	1	The	1.96822
8	2	convict	12.9412
8	3	who	12.8749
8	4	was	3.15152
8	5	taken	5.54328
8	6	into	2.79864
8	7	the	1.36173
8	8	dark	7.04236
8	9	cell	9.50962
8	10	tried	15.7984
8	11	to	1.4753
8	12	escape	5.5034
8	13	but	9.6635
8	14	failed	9.54113
9	1	The	1.90458
9	2	prisoners	11.8438
9	3	hit	7.59675
9	4	for	7.27141
9	5	hours	5.86895
9	6	and	2.62822
9	7	hours	12.4457
9	8	confessed	14.3099
9	9	to	3.39633
9	10	crimes	7.60904
9	11	they	12.4443
9	12	never	7.67931
9	13	committed	8.81785
10	1	The	1.81899
10	2	prisoners	11.8405
10	3	who	14.0589
10	4	were	3.03891
10	5	hit	6.08263
10	6	for	4.98978
10	7	hours	5.19257
10	8	and	1.43078
10	9	hours	15.1242
10	10	confessed	11.4487
10	11	to	0.328107
10	12	crimes	6.89102
10	13	they	5.24072
10	14	never	4.7869
10	15	committed	7.09972
11	1	The	2.00033
11	2	prisoners	11.8301
11	3	beaten	10.8837
11	4	for	5.98629
11	5	hours	5.83682
11	6	and	6.73758
11	7	hours	9.22496
11	8	confessed	12.9956
11	9	to	0.646409
11	10	crimes	7.40645
11	11	they	4.66643
11	12	never	4.47037
11	13	committed	7.32378
12	1	The	1.93446
12	2	prisoners	11.8497
12	3	who	4.87446
12	4	were	3.21184
12	5	beaten	7.02735
12	6	for	4.3763
12	7	hours	5.55878
12	8	and	3.74363
12	9	hours	2.18689
12	10	confessed	10.9945
12	11	to	0.736051
12	12	crimes	7.20841
12	13	they	9.75348
12	14	never	6.10388
12	15	committed	7.21083
13	1	The	2.04674
13	2	business	7.79791
13	3	expanded	8.59178
13	4	into	5.36312
13	5	an	3.9971
13	6	empire	5.90132
13	7	was	11.4313
13	8	sold	3.62926
13	9	for	2.82196
13	10	billions	9.16394
13	11	of	1.54523
13	12	dollars	0.0308041
14	1	The	1.90301
14	2	business	7.81768
14	3	that	13.3893
14	4	was	4.35927
14	5	expanded	9.60891
14	6	into	5.61224
14	7	an	4.19043
14	8	empire	6.20203
14	9	was	11.0742
14	10	sold	3.57816
14	11	for	2.82035
14	12	billions	9.03498
14	13	of	0.86938
14	14	dollars	0.0249242
15	1	The	1.79291
15	2	business	7.75994
15	3	grown	15.5489
15	4	into	5.07907
15	5	an	3.60685
15	6	empire	6.809
15	7	was	11.7514
15	8	sold	4.70517
15	9	for	2.87239
15	10	billions	8.80212
15	11	of	1.02143
15	12	dollars	0.0479154
16	1	The	1.92328
16	2	business	7.61739
16	3	that	12.9947
16	4	was	3.39196
16	5	grown	9.62627
16	6	into	5.84836
16	7	an	4.10515
16	8	empire	7.12565
16	9	was	11.3545
16	10	sold	4.38876
16	11	for	2.87849
16	12	billions	8.61274
16	13	of	0.834897
16	14	dollars	0.0283737
17	1	The	1.88604
17	2	mice	11.4334
17	3	consumed	9.2649
17	4	rapidly	10.17
17	5	and	8.42614
17	6	entirely	11.6466
17	7	were	16.1265
17	8	carrying	9.37642
17	9	a	2.7004
17	10	rare	6.6183
17	11	bacteria	7.5897
18	1	The	1.95941
18	2	mice	11.668
18	3	that	12.0433
18	4	were	5.40585
18	5	consumed	6.48579
18	6	rapidly	9.75112
18	7	and	2.05651
18	8	entirely	8.82351
18	9	were	10.4672
18	10	carrying	7.81274
18	11	a	2.51709
18	12	rare	6.44234
18	13	bacteria	8.20246
19	1	The	1.94272
19	2	mice	11.6744
19	3	consumed	8.72095
19	4	rapidly	13.5825
19	5	and	3.1118
19	6	entirely	11.4119
19	7	were	7.27477
19	8	carrying	7.07156
19	9	a	2.72106
19	10	rare	6.56491
19	11	bacteria	7.78289
20	1	The	1.84295
20	2	mice	11.6083
20	3	that	3.40883
20	4	were	3.95791
20	5	consumed	6.28586
20	6	rapidly	11.3464
20	7	and	3.77167
20	8	entirely	12.5864
20	9	were	4.21717
20	10	carrying	7.30864
20	11	a	2.19456
20	12	rare	6.00218
20	13	bacteria	7.95298
21	1	The	1.90905
21	2	lawyer	8.1821
21	3	pledged	10.0608
21	4	to	0.363824
21	5	keep	4.97082
21	6	silent	9.70132
21	7	was	9.75165
21	8	discovered	7.78636
21	9	to	2.56043
21	10	have	2.96503
21	11	broken	5.65617
21	12	his	3.90936
21	13	promise	7.30348
22	1	The	1.87485
22	2	lawyer	8.14267
22	3	that	9.90371
22	4	was	2.79075
22	5	pledged	10.2927
22	6	to	0.431639
22	7	keep	5.0207
22	8	silent	13.691
22	9	was	14.4525
22	10	discovered	9.89199
22	11	to	4.47461
22	12	have	3.60277
22	13	broken	5.4045
22	14	his	4.30457
22	15	promise	7.53709
23	1	The	1.92834
23	2	lawyer	8.2943
23	3	committed	9.74576
23	4	to	2.16144
23	5	keep	5.30563
23	6	silent	9.63461
23	7	was	9.76385
23	8	discovered	7.28775
23	9	to	3.18679
23	10	have	3.29188
23	11	broken	5.49758
23	12	his	3.27533
23	13	promise	7.42375
24	1	The	1.87988
24	2	lawyer	8.27846
24	3	who	14.1865
24	4	was	5.83236
24	5	committed	8.12191
24	6	to	0.170139
24	7	keep	6.3046
24	8	silent	13.3187
24	9	was	11.5382
24	10	discovered	7.48954
24	11	to	3.77666
24	12	have	3.15322
24	13	broken	5.5526
24	14	his	2.92302
24	15	promise	7.68239
25	1	The	1.91716
25	2	child	9.71582
25	3	kicked	9.80636
25	4	in	1.62961
25	5	the	2.34305
25	6	chaos	9.78623
25	7	found	6.3646
25	8	her	7.26636
25	9	way	8.26789
25	10	back	6.87913
25	11	home	7.27532
26	1	The	1.99267
26	2	child	9.72601
26	3	who	14.0886
26	4	was	5.15395
26	5	kicked	7.57159
26	6	in	2.04256
26	7	the	2.26353
26	8	chaos	10.2664
26	9	found	6.98766
26	10	her	8.41219
26	11	way	6.90976
26	12	back	6.55094
26	13	home	6.67588
27	1	The	1.90126
27	2	child	9.66327
27	3	forgotten	12.3328
27	4	in	3.92657
27	5	the	1.71572
27	6	chaos	8.59138
27	7	found	7.63204
27	8	her	6.53805
27	9	way	8.5627
27	10	back	5.43182
27	11	home	6.85173
28	1	The	1.92237
28	2	child	9.5866
28	3	who	4.05046
28	4	was	3.38816
28	5	forgotten	9.3183
28	6	in	2.42088
28	7	the	1.14299
28	8	chaos	8.70514
28	9	found	6.96165
28	10	her	3.92279
28	11	way	6.32753
28	12	back	6.60267
28	13	home	6.5992
29	1	The	1.88462
29	2	horses	12.0957
29	3	UNK-LC-ed	8.94519
29	4	past	8.01017
29	5	the	2.25422
29	6	barn	9.19056
29	7	fell	13.2067
29	8	into	4.09055
29	9	a	1.75952
29	10	swamp	9.23917
30	1	The	2.03439
30	2	horses	12.1559
30	3	that	12.6297
30	4	were	3.69652
30	5	UNK-LC-ed	6.57392
30	6	past	7.74155
30	7	the	1.49431
30	8	barn	9.14702
30	9	fell	13.3166
30	10	into	4.2395
30	11	a	2.11992
30	12	swamp	9.34173
31	1	The	2.04774
31	2	horses	12.1268
31	3	taken	7.57303
31	4	past	7.26461
31	5	the	1.01707
31	6	barn	8.80502
31	7	fell	7.12894
31	8	into	3.5011
31	9	a	1.98354
31	10	swamp	9.37891
32	1	The	1.9783
32	2	horses	12.0758
32	3	that	3.19006
32	4	were	3.40717
32	5	taken	5.10419
32	6	past	7.17473
32	7	the	0.98493
32	8	barn	8.67078
32	9	fell	6.52674
32	10	into	3.80249
32	11	a	1.99862
32	12	swamp	9.35787
33	1	The	1.80106
33	2	artist	10.1095
33	3	painted	8.6367
33	4	a	1.35458
33	5	impressionist	12.3522
33	6	portrait	5.71632
33	7	was	9.2387
33	8	impressed	8.9205
33	9	with	1.07275
33	10	the	1.10827
33	11	work	7.79063
34	1	The	1.81285
34	2	artist	9.95635
34	3	who	4.64239
34	4	was	3.0817
34	5	painted	7.77884
34	6	a	4.56956
34	7	impressionist	12.1209
34	8	portrait	5.65312
34	9	was	3.80683
34	10	impressed	7.98092
34	11	with	1.33088
34	12	the	1.03877
34	13	work	7.42881
35	1	The	1.82848
35	2	artist	10.0645
35	3	drawn	12.0289
35	4	a	2.12998
35	5	impressionist	12.8111
35	6	portrait	5.35591
35	7	was	12.2985
35	8	impressed	10.8252
35	9	with	1.10687
35	10	the	1.14011
35	11	work	7.52611
36	1	The	1.89393
36	2	artist	9.9344
36	3	who	4.64244
36	4	was	3.06246
36	5	drawn	6.90812
36	6	a	5.1413
36	7	impressionist	13.7528
36	8	portrait	5.39981
36	9	was	4.32942
36	10	impressed	7.59011
36	11	with	1.0999
36	12	the	1.04492
36	13	work	7.38889
37	1	The	1.96179
37	2	car	7.8838
37	3	steered	13.807
37	4	into	2.49101
37	5	the	1.43403
37	6	parking	9.32998
37	7	lot	3.09566
37	8	crashed	13.5785
37	9	into	3.79652
37	10	a	1.99699
37	11	concrete	8.28468
37	12	wall	5.26643
38	1	The	1.87104
38	2	car	7.87561
38	3	that	13.2461
38	4	was	2.69674
38	5	steered	12.0955
38	6	into	1.91367
38	7	the	1.56563
38	8	parking	9.2907
38	9	lot	2.79933
38	10	crashed	16.5931
38	11	into	3.82008
38	12	a	2.34648
38	13	concrete	8.06183
38	14	wall	5.34496
39	1	The	1.91614
39	2	car	7.93558
39	3	driven	11.5523
39	4	into	3.63965
39	5	the	1.34669
39	6	parking	8.92788
39	7	lot	3.21217
39	8	crashed	10.4671
39	9	into	4.09284
39	10	a	1.97355
39	11	concrete	8.34838
39	12	wall	5.02099
40	1	The	1.96423
40	2	car	7.81199
40	3	that	13.3561
40	4	was	2.89136
40	5	driven	7.00655
40	6	into	3.80833
40	7	the	1.40709
40	8	parking	9.33485
40	9	lot	2.81475
40	10	crashed	16.8427
40	11	into	4.50692
40	12	a	2.38418
40	13	concrete	8.19536
40	14	wall	5.0351
41	1	The	2.03365
41	2	campaign	6.97982
41	3	intended	10.4475
41	4	to	0.050836
41	5	be	3.52023
41	6	very	5.54039
41	7	popular	4.39812
41	8	was	13.2903
41	9	still	6.07985
41	10	unsuccessful	8.73736
42	1	The	1.97271
42	2	campaign	6.94639
42	3	that	3.92401
42	4	was	2.70503
42	5	intended	5.6858
42	6	to	0.370087
42	7	be	3.36732
42	8	very	7.49639
42	9	popular	4.41384
42	10	was	2.63018
42	11	still	5.70428
42	12	unsuccessful	7.86443
43	1	The	2.02653
43	2	campaign	7.05725
43	3	known	9.45467
43	4	to	3.17707
43	5	be	0.784467
43	6	very	7.10078
43	7	popular	4.70054
43	8	was	2.52029
43	9	still	4.92499
43	10	unsuccessful	7.67994
44	1	The	1.93722
44	2	campaign	6.76326
44	3	that	3.92227
44	4	was	2.66895
44	5	known	6.67418
44	6	to	2.31271
44	7	be	0.73376
44	8	very	6.5689
44	9	popular	4.60614
44	10	was	2.51765
44	11	still	5.30321
44	12	unsuccessful	7.55539
45	1	The	1.92216
45	2	student	9.26573
45	3	composed	11.9954
45	4	a	2.25318
45	5	carefully	8.6987
45	6	worded	5.10436
45	7	excuse	10.2538
45	8	forgot	15.8409
45	9	to	1.22429
45	10	give	5.01142
45	11	it	3.79572
45	12	to	2.53296
45	13	the	1.37243
45	14	teacher	7.90226
46	1	The	1.87362
46	2	student	9.25514
46	3	who	4.60787
46	4	was	2.96863
46	5	composed	9.22987
46	6	a	5.90657
46	7	carefully	9.76976
46	8	worded	4.53049
46	9	excuse	11.5877
46	10	forgot	15.9
46	11	to	4.59312
46	12	give	12.4291
46	13	it	3.51267
46	14	to	2.27176
46	15	the	1.16693
46	16	teacher	7.51328
47	1	The	1.86631
47	2	student	9.27121
47	3	written	10.5617
47	4	a	1.7842
47	5	carefully	8.7671
47	6	worded	3.91875
47	7	excuse	10.621
47	8	forgot	12.9545
47	9	to	1.27001
47	10	give	4.79304
47	11	it	3.16331
47	12	to	2.06566
47	13	the	1.13266
47	14	teacher	7.90645
48	1	The	2.03013
48	2	student	9.24771
48	3	who	3.51135
48	4	was	2.97669
48	5	written	7.56748
48	6	a	4.8742
48	7	carefully	12.6831
48	8	worded	12.9424
48	9	excuse	11.8816
48	10	forgot	12.6948
48	11	to	1.23928
48	12	give	4.79995
48	13	it	3.10067
48	14	to	1.8304
48	15	the	1.13881
48	16	teacher	8.02869
49	1	The	1.86028
49	2	television	8.69573
49	3	show	3.77773
49	4	started	6.43698
49	5	three	5.16109
49	6	weeks	1.81943
49	7	ago	0.650334
49	8	was	10.4004
49	9	canceled	7.44235
49	10	immediately	9.21238
50	1	The	1.82122
50	2	television	8.70385
50	3	show	3.99409
50	4	that	4.62949
50	5	was	2.48793
50	6	started	6.08246
50	7	three	5.61546
50	8	weeks	1.99953
50	9	ago	0.0420312
50	10	was	1.56984
50	11	canceled	8.11818
50	12	immediately	7.3239
51	1	The	1.76188
51	2	television	8.69341
51	3	show	3.86018
51	4	begun	10.2693
51	5	three	6.87056
51	6	weeks	1.91695
51	7	ago	0.654805
51	8	was	1.61994
51	9	canceled	6.20759
51	10	immediately	8.7378
52	1	The	1.84134
52	2	television	8.66464
52	3	show	3.85167
52	4	that	9.56946
52	5	was	2.67533
52	6	begun	8.42715
52	7	three	6.26363
52	8	weeks	1.55949
52	9	ago	1.10907
52	10	was	13.5064
52	11	canceled	8.23554
52	12	immediately	8.35164
53	1	The	1.91213
53	2	boys	9.7569
53	3	performed	7.90438
53	4	an	5.11553
53	5	unsolicited	7.47088
53	6	favor	11.2765
53	7	appreciated	16.748
53	8	the	4.54625
53	9	person	10.1908
53	10	who	1.65649
53	11	helped	5.39778
53	12	them	3.80521
54	1	The	1.89464
54	2	boys	9.74983
54	3	who	3.22508
54	4	were	3.21403
54	5	performed	9.25052
54	6	an	8.44868
54	7	unsolicited	8.20136
54	8	favor	10.7926
54	9	appreciated	11.9009
54	10	the	2.06403
54	11	person	9.56611
54	12	who	1.34912
54	13	helped	5.33045
54	14	them	3.75065
55	1	The	1.86318
55	2	boys	9.76673
55	3	done	10.3403
55	4	an	4.67657
55	5	unsolicited	7.6536
55	6	favor	11.4159
55	7	appreciated	17.5625
55	8	the	4.98209
55	9	person	8.55925
55	10	who	13.8996
55	11	helped	7.6018
55	12	them	3.93929
56	1	The	1.77757
56	2	boys	9.73117
56	3	who	12.9609
56	4	were	4.90226
56	5	done	9.11914
56	6	an	6.86742
56	7	unsolicited	7.85191
56	8	favor	10.3481
56	9	appreciated	15.6452
56	10	the	6.51758
56	11	person	11.1241
56	12	who	11.5398
56	13	helped	8.00401
56	14	them	3.94361
57	1	The	1.97552
57	2	player	10.4125
57	3	tossed	10.5314
57	4	the	2.30737
57	5	baseball	8.20068
57	6	dropped	18.4104
57	7	it	6.16264
57	8	on	5.55054
57	9	the	1.18152
57	10	ground	4.80997
58	1	The	1.87959
58	2	player	10.5271
58	3	who	4.64476
58	4	was	3.1633
58	5	tossed	8.12706
58	6	the	3.99727
58	7	baseball	7.86396
58	8	dropped	17.6217
58	9	it	9.45447
58	10	on	4.10954
58	11	the	1.02938
58	12	ground	5.06726
59	1	The	1.95874
59	2	player	10.4668
59	3	thrown	11.3391
59	4	the	2.44183
59	5	baseball	8.37524
59	6	dropped	18.2199
59	7	it	9.80715
59	8	on	3.77316
59	9	the	1.06139
59	10	ground	4.67341
60	1	The	1.83249
60	2	player	10.6037
60	3	who	3.54617
60	4	was	3.1273
60	5	thrown	7.15642
60	6	the	4.71827
60	7	baseball	8.15953
60	8	dropped	18.4342
60	9	it	9.9979
60	10	on	4.36234
60	11	the	1.06575
60	12	ground	4.66159
61	1	The	1.98999
61	2	child	9.65829
61	3	jumped	9.3383
61	4	past	8.43779
61	5	the	2.0314
61	6	swings	13.1743
61	7	was	13.9729
61	8	upset	8.9369
61	9	about	3.22505
61	10	it	6.24448
62	1	The	1.99772
62	2	child	9.69818
62	3	who	14.2506
62	4	was	5.64054
62	5	jumped	12.312
62	6	past	7.66925
62	7	the	1.46563
62	8	swings	13.0311
62	9	was	13.5019
62	10	upset	8.5012
62	11	about	2.91437
62	12	it	5.94588
63	1	The	1.89212
63	2	child	9.70921
63	3	led	8.95903
63	4	past	9.34185
63	5	the	3.71281
63	6	swings	12.3418
63	7	was	13.0171
63	8	upset	10.4095
63	9	about	4.07024
63	10	it	5.8091
64	1	The	2.04094
64	2	child	9.67842
64	3	who	13.9596
64	4	was	4.26152
64	5	led	8.09964
64	6	past	10.8317
64	7	the	2.25878
64	8	swings	12.7047
64	9	was	13.5735
64	10	upset	10.2752
64	11	about	4.01632
64	12	it	5.97309
65	1	The	1.91023
65	2	students	8.10887
65	3	prepared	9.27308
65	4	a	2.35525
65	5	fancy	8.63043
65	6	dinner	6.0018
65	7	ate	13.933
65	8	the	2.74422
65	9	meal	9.28855
65	10	quickly	9.1664
66	1	The	2.03952
66	2	students	8.18123
66	3	who	3.91929
66	4	were	3.65155
66	5	prepared	7.8124
66	6	a	11.0778
66	7	fancy	8.93972
66	8	dinner	8.61977
66	9	ate	8.29754
66	10	the	1.90617
66	11	meal	9.17842
66	12	quickly	7.51954
67	1	The	1.89738
67	2	students	8.26264
67	3	gotten	15.0207
67	4	a	2.38214
67	5	fancy	7.32516
67	6	dinner	6.35891
67	7	ate	16.0249
67	8	the	2.24365
67	9	meal	9.43616
67	10	quickly	10.4629
68	1	The	1.82613
68	2	students	8.16757
68	3	who	13.4939
68	4	were	5.57566
68	5	gotten	11.4123
68	6	a	2.84526
68	7	fancy	7.49799
68	8	dinner	6.22899
68	9	ate	14.147
68	10	the	3.26682
68	11	meal	8.95183
68	12	quickly	8.41223
69	1	The	1.77716
69	2	infant	11.0938
69	3	fed	12.1305
69	4	during	8.15657
69	5	the	0.901014
69	6	night	5.87728
69	7	yelled	15.3227
69	8	intensely	12.1344
70	1	The	1.84278
70	2	infant	11.2722
70	3	that	14.4267
70	4	was	2.75638
70	5	fed	8.32842
70	6	during	6.08785
70	7	the	0.759612
70	8	night	6.16343
70	9	yelled	15.8729
70	10	intensely	15.7313
71	1	The	1.83214
71	2	infant	11.1546
71	3	aroused	13.2425
71	4	during	8.10312
71	5	the	0.838321
71	6	night	5.84137
71	7	yelled	13.3972
71	8	intensely	10.5137
72	1	The	1.77296
72	2	infant	11.1349
72	3	that	14.3383
72	4	was	3.92255
72	5	aroused	9.74835
72	6	during	5.09447
72	7	the	0.790308
72	8	night	6.04549
72	9	yelled	15.3065
72	10	intensely	15.8192
73	1	The	1.93981
73	2	refugee	12.4833
73	3	sheltered	14.5226
73	4	in	5.10374
73	5	the	1.11088
73	6	basement	8.14632
73	7	departed	15.169
73	8	during	5.51114
73	9	the	0.725162
73	10	night	6.0226
74	1	The	1.84004
74	2	refugee	12.3934
74	3	who	15.0179
74	4	was	3.37424
74	5	sheltered	10.734
74	6	in	2.64913
74	7	the	1.49703
74	8	basement	7.80795
74	9	departed	14.9052
74	10	during	13.4634
74	11	the	1.79272
74	12	night	7.00647
75	1	The	2.02881
75	2	refugee	12.4644
75	3	hidden	13.2926
75	4	in	1.61368
75	5	the	0.888878
75	6	basement	7.87547
75	7	departed	11.0715
75	8	during	5.20481
75	9	the	0.83998
75	10	night	5.77503
76	1	The	1.90611
76	2	refugee	12.446
76	3	who	15.3737
76	4	was	3.48582
76	5	hidden	10.1135
76	6	in	1.35741
76	7	the	1.34391
76	8	basement	6.86467
76	9	departed	15.0315
76	10	during	6.27939
76	11	the	0.70392
76	12	night	6.06581
77	1	The	1.95645
77	2	dog	11.0265
77	3	walked	9.15591
77	4	on	3.80799
77	5	the	0.772854
77	6	beach	5.18912
77	7	UNK-LC-ed	9.93093
77	8	after	5.29172
77	9	a	1.75617
77	10	bird	7.8772
78	1	The	2.00576
78	2	dog	11.0563
78	3	that	6.31838
78	4	was	3.09256
78	5	walked	9.85708
78	6	on	2.93317
78	7	the	0.908583
78	8	beach	5.15196
78	9	UNK-LC-ed	8.36011
78	10	after	6.66571
78	11	a	1.72319
78	12	bird	8.56044
79	1	The	1.96379
79	2	dog	11.066
79	3	seen	9.62895
79	4	on	4.1228
79	5	the	0.777677
79	6	beach	5.57806
79	7	UNK-LC-ed	7.8282
79	8	after	6.82733
79	9	a	1.71338
79	10	bird	8.3662
80	1	The	1.95429
80	2	dog	11.1616
80	3	that	6.70384
80	4	was	3.1041
80	5	seen	6.02913
80	6	on	4.59308
80	7	the	0.86441
80	8	beach	5.67092
80	9	UNK-LC-ed	8.70203
80	10	after	6.74764
80	11	a	1.81187
80	12	bird	8.73078
81	1	The	1.8467
81	2	ship	9.47109
81	3	steered	12.1783
81	4	off	5.32114
81	5	course	9.36144
81	6	sank	16.7227
81	7	in	3.37965
81	8	the	1.25632
81	9	storm	8.40719
82	1	The	1.82908
82	2	ship	9.30308
82	3	that	9.34709
82	4	was	2.71299
82	5	steered	11.1793
82	6	off	4.41573
82	7	course	10.6803
82	8	sank	18.0642
82	9	in	2.77155
82	10	the	1.13556
82	11	storm	8.0086
83	1	The	1.9054
83	2	ship	9.37021
83	3	blown	13.0484
83	4	off	3.59882
83	5	course	8.81583
83	6	sank	16.9164
83	7	in	2.58837
83	8	the	1.49426
83	9	storm	7.66085
84	1	The	1.84291
84	2	ship	9.29286
84	3	that	12.9946
84	4	was	4.20267
84	5	blown	9.4708
84	6	off	3.67576
84	7	course	10.1764
84	8	sank	17.5227
84	9	in	2.23918
84	10	the	1.32032
84	11	storm	7.98002
85	1	The	1.97904
85	2	fans	10.3932
85	3	cheered	8.63165
85	4	at	4.88058
85	5	the	1.29201
85	6	concert	6.83847
85	7	took	12.6562
85	8	photos	8.91608
85	9	with	4.09502
85	10	their	3.97286
85	11	phones	8.83929
86	1	The	1.86406
86	2	fans	10.4302
86	3	that	12.4289
86	4	were	4.82336
86	5	cheered	6.64182
86	6	at	4.93838
86	7	the	1.02328
86	8	concert	6.88662
86	9	took	12.7888
86	10	photos	9.13405
86	11	with	4.6321
86	12	their	4.04762
86	13	phones	8.72849
87	1	The	1.90546
87	2	fans	10.4625
87	3	UNK-LC-ed	8.75027
87	4	at	4.21063
87	5	the	1.05525
87	6	concert	6.73302
87	7	took	15.2816
87	8	photos	9.0846
87	9	with	4.49025
87	10	their	3.7632
87	11	phones	8.90765
88	1	The	1.73152
88	2	fans	10.4913
88	3	that	8.18278
88	4	were	3.5606
88	5	UNK-LC-ed	6.9155
88	6	at	3.69121
88	7	the	1.03981
88	8	concert	6.92809
88	9	took	7.11766
88	10	photos	8.96286
88	11	with	3.66456
88	12	their	3.91144
88	13	phones	8.68719
89	1	The	1.87651
89	2	boat	10.1969
89	3	steered	12.0659
89	4	to	2.60407
89	5	the	1.12937
89	6	sea	5.77457
89	7	disappeared	15.131
89	8	in	3.25197
89	9	the	1.70769
89	10	storm	8.45863
90	1	The	1.85276
90	2	boat	10.1493
90	3	that	12.7833
90	4	was	3.78118
90	5	steered	11.6955
90	6	in	2.7058
90	7	the	1.51364
90	8	sea	7.38542
90	9	disappeared	14.0057
90	10	in	1.56471
90	11	the	1.56869
90	12	storm	7.88045
91	1	The	2.01593
91	2	boat	10.2176
91	3	sunk	11.5749
91	4	in	2.59805
91	5	the	1.72802
91	6	sea	7.0576
91	7	disappeared	14.8373
91	8	in	2.90021
91	9	the	1.69033
91	10	storm	7.87301
92	1	The	1.95548
92	2	boat	10.1671
92	3	that	10.4593
92	4	was	3.77228
92	5	sunk	9.78582
92	6	in	2.64578
92	7	the	2.00014
92	8	sea	6.95578
92	9	disappeared	14.6907
92	10	in	1.94391
92	11	the	1.32013
92	12	storm	7.37378
93	1	The	1.79418
93	2	couple	8.49851
93	3	bought	7.23142
93	4	the	2.11717
93	5	apartment	7.40949
93	6	moved	16.5628
93	7	to	2.46705
93	8	a	2.72179
93	9	different	6.36241
93	10	city	4.68086
94	1	The	1.91616
94	2	couple	8.53685
94	3	that	8.42956
94	4	was	2.62526
94	5	bought	7.79398
94	6	the	5.30234
94	7	apartment	8.71653
94	8	moved	15.882
94	9	to	1.5118
94	10	a	2.78892
94	11	different	5.94995
94	12	city	4.57415
95	1	The	1.81697
95	2	couple	8.48944
95	3	shown	8.74403
95	4	the	2.72123
95	5	apartment	10.6453
95	6	moved	8.09426
95	7	to	1.75542
95	8	a	2.44859
95	9	different	5.84376
95	10	city	4.82813
96	1	The	1.96003
96	2	couple	8.48507
96	3	that	6.95973
96	4	was	2.58114
96	5	shown	6.56225
96	6	the	5.11588
96	7	apartment	10.2299
96	8	moved	7.93093
96	9	to	1.81493
96	10	a	2.71755
96	11	different	5.89053
96	12	city	4.71629
97	1	The	1.90558
97	2	girl	10.7197
97	3	made	5.52678
97	4	a	1.31781
97	5	new	4.00615
97	6	blanket	8.59761
97	7	lost	10.5082
97	8	it	8.58892
97	9	during	5.5692
97	10	the	0.66521
97	11	trip	6.95756
98	1	The	1.86608
98	2	girl	10.6803
98	3	who	2.67101
98	4	was	2.85494
98	5	made	6.12945
98	6	a	3.15775
98	7	new	4.65354
98	8	blanket	9.39745
98	9	lost	8.13089
98	10	it	4.4157
98	11	during	5.13514
98	12	the	0.91866
98	13	trip	6.68336
99	1	The	1.89369
99	2	girl	10.6088
99	3	given	8.63299
99	4	a	2.00424
99	5	new	4.05883
99	6	blanket	8.84313
99	7	lost	7.80262
99	8	it	4.91933
99	9	during	5.09709
99	10	the	0.891264
99	11	trip	6.74741
100	1	The	1.96929
100	2	girl	10.4814
100	3	who	4.61676
100	4	was	2.83442
100	5	given	5.23671
100	6	a	1.68831
100	7	new	4.00582
100	8	blanket	8.87378
100	9	lost	8.0399
100	10	it	4.70089
100	11	during	4.9548
100	12	the	0.856101
100	13	trip	6.52995
101	1	The	1.8985
101	2	airplane	11.3799
101	3	landed	7.95476
101	4	in	1.47444
101	5	the	1.67621
101	6	mountains	6.32772
101	7	broke	12.3666
101	8	down	3.51045
101	9	during	4.48445
101	10	the	0.800712
101	11	ice	10.102
101	12	storm	7.75352
102	1	The	2.05206
102	2	airplane	11.5738
102	3	that	12.6468
102	4	was	3.34172
102	5	landed	9.42575
102	6	in	1.35502
102	7	the	1.71365
102	8	mountains	6.74012
102	9	broke	11.549
102	10	down	2.51295
103	1	The	1.96795
103	2	airplane	11.3284
103	3	flown	11.8293
103	4	in	2.77662
103	5	the	2.13175
103	6	mountains	7.82455
103	7	broke	11.8884
103	8	down	3.52526
103	9	during	4.53419
103	10	the	0.887055
103	11	ice	9.75574
103	12	storm	7.39933
104	1	The	2.00587
104	2	airplane	11.4748
104	3	that	10.9101
104	4	was	3.1221
104	5	flown	7.45342
104	6	in	2.21293
104	7	the	2.01961
104	8	mountains	7.78422
104	9	broke	12.4538
104	10	down	3.73974
104	11	during	4.41677
104	12	the	0.690504
104	13	ice	10.105
104	14	storm	7.4425
105	1	The	1.927
105	2	child	9.6638
105	3	carried	8.93183
105	4	down	5.75047
105	5	the	1.82118
105	6	hall	8.68078
105	7	yelled	14.518
105	8	at	2.97248
105	9	the	1.27594
105	10	top	6.32219
105	11	of	1.1327
105	12	his	3.03691
105	13	lungs	7.83281
106	1	The	1.83244
106	2	child	9.65311
106	3	that	12.9369
106	4	was	3.46848
106	5	carried	6.69252
106	6	down	4.90725
106	7	the	4.98861
106	8	hall	7.62822
106	9	yelled	14.7573
106	10	at	2.77147
106	11	the	1.31451
106	12	top	6.20038
106	13	of	1.52067
106	14	his	3.23263
106	15	lungs	7.99679
107	1	The	1.88676
107	2	child	9.65013
107	3	borne	13.2774
107	4	down	5.26014
107	5	the	1.54327
107	6	hall	9.24808
107	7	yelled	13.9511
107	8	at	2.91092
107	9	the	1.17244
107	10	top	6.23748
107	11	of	1.61568
107	12	his	3.08096
107	13	lungs	8.315
108	1	The	1.78915
108	2	child	9.7153
108	3	that	12.325
108	4	was	3.22213
108	5	borne	9.03668
108	6	down	4.90437
108	7	the	5.65091
108	8	hall	7.95778
108	9	yelled	13.9838
108	10	at	2.90139
108	11	the	1.31548
108	12	top	5.90193
108	13	of	1.66851
108	14	his	2.86438
108	15	lungs	8.22502
