sentence_id	token_id	token	surprisal
1	1	The	2.03077
1	2	woman	8.52234
1	3	brought	8.19656
1	4	the	2.33536
1	5	sandwich	9.9765
1	6	from	3.82642
1	7	the	1.23869
1	8	kitchen	5.21309
1	9	fell	14.1861
1	10	in	3.04289
1	11	the	1.50593
1	12	dining	7.70375
1	13	room	0.762461
2	1	The	1.83264
2	2	woman	8.35398
2	3	who	2.82317
2	4	was	2.86499
2	5	brought	6.03488
2	6	the	4.49763
2	7	sandwich	10.1437
2	8	from	3.86431
2	9	the	1.11503
2	10	kitchen	5.28637
2	11	fell	8.05651
2	12	in	2.82876
2	13	the	2.69605
2	14	dining	7.81658
2	15	room	0.742074
3	1	The	1.94428
3	2	woman	8.46726
3	3	given	9.5869
3	4	the	1.89347
3	5	sandwich	10.3829
3	6	from	5.43329
3	7	the	1.27196
3	8	kitchen	6.06619
3	9	fell	9.66362
3	10	in	3.00187
3	11	the	1.85842
3	12	dining	7.8274
3	13	room	0.759381
4	1	The	1.8609
4	2	woman	8.55626
4	3	who	12.9104
4	4	was	3.7417
4	5	given	4.72015
4	6	the	2.13185
4	7	sandwich	10.8009
4	8	from	5.07522
4	9	the	1.23192
4	10	kitchen	6.00481
4	11	fell	14.3483
4	12	in	4.19849
4	13	the	1.89448
4	14	dining	7.82365
4	15	room	0.726306
5	1	The	2.03743
5	2	convict	13.052
5	3	walked	8.11793
5	4	into	2.04174
5	5	the	1.03773
5	6	dark	6.34286
5	7	cell	9.01961
5	8	tried	13.9863
5	9	to	1.09177
5	10	escape	5.16941
5	11	but	10.305
5	12	failed	10.0422
6	1	The	1.9094
6	2	convict	12.9492
6	3	who	4.61444
6	4	was	2.77288
6	5	walked	11.2702
6	6	into	2.08117
6	7	the	0.799638
6	8	dark	6.51753
6	9	cell	8.88831
6	10	tried	7.85432
6	11	to	0.235391
6	12	escape	5.29731
6	13	but	7.52502
6	14	failed	9.97263
7	1	The	2.00194
7	2	convict	12.9448
7	3	taken	11.5389
7	4	into	6.06641
7	5	the	1.42959
7	6	dark	6.49933
7	7	cell	9.19005
7	8	tried	14.1176
7	9	to	2.34287
7	10	escape	5.46779
7	11	but	12.2126
7	12	failed	8.45493
8	1	The	1.80965
8	2	convict	12.9797
8	3	who	13.0321
8	4	was	3.65867
8	5	taken	5.41258
8	6	into	2.58506
8	7	the	1.43024
8	8	dark	7.09146
8	9	cell	9.13671
8	10	tried	16.0131
8	11	to	2.81395
8	12	escape	5.49543
8	13	but	6.33215
8	14	failed	8.59019
9	1	The	1.89945
9	2	prisoners	11.8339
9	3	hit	7.78229
9	4	for	6.10082
9	5	hours	6.23032
9	6	and	3.0423
9	7	hours	5.37385
9	8	confessed	12.4179
9	9	to	0.499299
9	10	crimes	7.27766
9	11	they	4.74658
9	12	never	4.13555
9	13	committed	7.35553
10	1	The	2.00547
10	2	prisoners	11.8229
10	3	who	3.80034
10	4	were	3.205
10	5	hit	7.03354
10	6	for	4.98722
10	7	hours	5.4804
10	8	and	4.52619
10	9	hours	2.4976
10	10	confessed	11.1096
10	11	to	0.858937
10	12	crimes	7.27654
10	13	they	5.33436
10	14	never	9.99627
10	15	committed	7.95442
11	1	The	1.77477
11	2	prisoners	11.8425
11	3	beaten	10.6006
11	4	for	4.99526
11	5	hours	6.68577
11	6	and	4.58711
11	7	hours	2.35263
11	8	confessed	12.4578
11	9	to	0.454638
11	10	crimes	7.41308
11	11	they	5.4086
11	12	never	4.38384
11	13	committed	7.27764
12	1	The	1.90775
12	2	prisoners	11.805
12	3	who	4.87443
12	4	were	3.23334
12	5	beaten	6.88412
12	6	for	4.55391
12	7	hours	5.57826
12	8	and	3.16882
12	9	hours	3.71451
12	10	confessed	10.9247
12	11	to	0.972816
12	12	crimes	7.41085
12	13	they	11.5686
12	14	never	8.24116
12	15	committed	8.28068
13	1	The	1.99589
13	2	business	7.78281
13	3	expanded	8.08529
13	4	into	5.60203
13	5	an	4.02704
13	6	empire	5.92961
13	7	was	11.9934
13	8	sold	4.18989
13	9	for	2.82292
13	10	billions	9.08744
13	11	of	0.526919
13	12	dollars	0.0327
14	1	The	1.87042
14	2	business	7.71295
14	3	that	11.2184
14	4	was	4.12312
14	5	expanded	9.82008
14	6	into	6.27934
14	7	an	4.85768
14	8	empire	5.9795
14	9	was	4.33961
14	10	sold	5.26136
14	11	for	2.86846
14	12	billions	8.80138
14	13	of	0.894427
14	14	dollars	0.0460009
15	1	The	1.94853
15	2	business	7.84899
15	3	grown	14.1187
15	4	into	4.48079
15	5	an	5.45221
15	6	empire	6.04834
15	7	was	3.10015
15	8	sold	5.26746
15	9	for	2.7505
15	10	billions	9.32761
15	11	of	1.62828
15	12	dollars	0.0352029
16	1	The	2.07549
16	2	business	7.83466
16	3	that	4.61957
16	4	was	2.85506
16	5	grown	9.53392
16	6	into	5.21612
16	7	an	4.83474
16	8	empire	6.39426
16	9	was	2.2234
16	10	sold	5.38114
16	11	for	2.76057
16	12	billions	8.67966
16	13	of	0.71279
16	14	dollars	0.0333843
17	1	The	1.91214
17	2	mice	11.6822
17	3	consumed	9.24539
17	4	rapidly	10.2885
17	5	and	9.12343
17	6	entirely	12.7782
17	7	were	15.928
17	8	carrying	8.00107
17	9	a	2.62076
17	10	rare	6.79972
17	11	bacteria	7.66796
18	1	The	1.9121
18	2	mice	11.7739
18	3	that	4.2559
18	4	were	3.87649
18	5	consumed	5.97139
18	6	rapidly	10.2276
18	7	and	4.74835
18	8	entirely	9.78875
18	9	were	4.17284
18	10	carrying	7.16648
18	11	a	2.23847
18	12	rare	5.98834
18	13	bacteria	7.90352
19	1	The	1.92394
19	2	mice	11.7192
19	3	consumed	9.1661
19	4	rapidly	10.0663
19	5	and	7.23003
19	6	entirely	8.78104
19	7	were	7.77902
19	8	carrying	7.72548
19	9	a	2.35539
19	10	rare	6.34327
19	11	bacteria	7.97291
20	1	The	1.8423
20	2	mice	11.5542
20	3	that	5.35453
20	4	were	3.85538
20	5	consumed	6.00866
20	6	rapidly	10.5298
20	7	and	7.78942
20	8	entirely	9.22678
20	9	were	3.90838
20	10	carrying	7.35021
20	11	a	2.32101
20	12	rare	6.02221
20	13	bacteria	8.03152
21	1	The	1.93456
21	2	lawyer	8.30088
21	3	pledged	10.2357
21	4	to	0.507405
21	5	keep	5.05144
21	6	silent	9.51609
21	7	was	12.6655
21	8	discovered	7.68154
21	9	to	2.56271
21	10	have	2.81575
21	11	broken	5.88918
21	12	his	3.76188
21	13	promise	7.47046
22	1	The	1.79764
22	2	lawyer	8.21863
22	3	that	9.88592
22	4	was	3.03411
22	5	pledged	10.2528
22	6	to	0.484909
22	7	keep	5.37969
22	8	silent	13.569
22	9	was	5.2592
22	10	discovered	7.96323
22	11	to	1.39092
22	12	have	2.01129
22	13	broken	6.53552
22	14	his	3.80032
22	15	promise	7.34492
23	1	The	1.84283
23	2	lawyer	8.22073
23	3	committed	10.2938
23	4	to	1.67514
23	5	keep	4.92208
23	6	silent	9.64007
23	7	was	9.4041
23	8	discovered	6.8011
23	9	to	2.79635
23	10	have	2.72551
23	11	broken	5.57708
23	12	his	3.21848
23	13	promise	7.58075
24	1	The	1.83732
24	2	lawyer	8.20261
24	3	who	3.91775
24	4	was	3.04908
24	5	committed	7.77988
24	6	to	0.140435
24	7	keep	11.7419
24	8	silent	13.6966
24	9	was	7.03143
24	10	discovered	8.20267
24	11	to	1.62982
24	12	have	2.33786
24	13	broken	6.21994
24	14	his	2.91478
24	15	promise	7.44699
25	1	The	1.76544
25	2	child	9.7465
25	3	kicked	9.81037
25	4	in	1.77638
25	5	the	2.0985
25	6	chaos	9.77233
25	7	found	6.17836
25	8	her	8.22771
25	9	way	6.57752
25	10	back	9.83728
25	11	home	10.1666
26	1	The	1.74146
26	2	child	9.60674
26	3	who	4.74359
26	4	was	3.43408
26	5	kicked	8.03699
26	6	in	1.8137
26	7	the	3.08567
26	8	chaos	10.75
26	9	found	6.40859
26	10	her	4.0126
26	11	way	6.54794
26	12	back	5.88927
26	13	home	7.15624
27	1	The	1.74935
27	2	child	9.6503
27	3	forgotten	12.5349
27	4	in	2.92077
27	5	the	0.952616
27	6	chaos	9.37234
27	7	found	7.02723
27	8	her	4.20431
27	9	way	6.70049
27	10	back	6.28756
27	11	home	6.83668
28	1	The	1.85177
28	2	child	9.63179
28	3	who	4.74351
28	4	was	3.41169
28	5	forgotten	9.29726
28	6	in	2.40985
28	7	the	1.16202
28	8	chaos	9.34038
28	9	found	6.4915
28	10	her	3.90878
28	11	way	6.32922
28	12	back	7.22034
28	13	home	6.68635
29	1	The	1.82536
29	2	horses	12.0926
29	3	UNK-LC-ed	9.00103
29	4	past	7.82162
29	5	the	1.4061
29	6	barn	8.91601
29	7	fell	6.81384
29	8	into	3.62432
29	9	a	1.96558
29	10	swamp	9.2769
30	1	The	1.83052
30	2	horses	12.0685
30	3	that	3.17775
30	4	were	3.36509
30	5	UNK-LC-ed	6.57316
30	6	past	8.1253
30	7	the	1.35303
30	8	barn	8.92984
30	9	fell	6.83847
30	10	into	4.01513
30	11	a	1.98051
30	12	swamp	9.24226
31	1	The	1.96812
31	2	horses	12.1644
31	3	taken	8.4033
31	4	past	7.79749
31	5	the	0.906881
31	6	barn	8.61036
31	7	fell	6.67385
31	8	into	3.52306
31	9	a	1.94862
31	10	swamp	9.35318
32	1	The	1.79305
32	2	horses	12.1313
32	3	that	11.0433
32	4	were	6.12968
32	5	taken	5.5028
32	6	past	7.61572
32	7	the	1.48437
32	8	barn	8.94288
32	9	fell	11.6744
32	10	into	3.55521
32	11	a	2.24071
32	12	swamp	9.46139
33	1	The	1.93601
33	2	artist	10.1016
33	3	painted	8.95225
33	4	a	1.39457
33	5	impressionist	12.1425
33	6	portrait	5.90894
33	7	was	9.23639
33	8	impressed	9.18206
33	9	with	1.13784
33	10	the	1.24489
33	11	work	7.72215
34	1	The	1.82313
34	2	artist	10.0275
34	3	who	4.64505
34	4	was	3.04345
34	5	painted	7.69599
34	6	a	4.54116
34	7	impressionist	11.7712
34	8	portrait	6.1596
34	9	was	12.9261
34	10	impressed	10.0592
34	11	with	1.59637
34	12	the	1.11551
34	13	work	7.53651
35	1	The	1.90721
35	2	artist	10.0198
35	3	drawn	12.5188
35	4	a	2.05459
35	5	impressionist	12.8716
35	6	portrait	5.25567
35	7	was	11.6719
35	8	impressed	11.7862
35	9	with	1.43394
35	10	the	1.0672
35	11	work	7.64115
36	1	The	1.84731
36	2	artist	10.096
36	3	who	13.3769
36	4	was	3.88361
36	5	drawn	6.56499
36	6	a	5.41755
36	7	impressionist	13.8842
36	8	portrait	5.8604
36	9	was	13.1764
36	10	impressed	9.34764
36	11	with	1.30216
36	12	the	1.1699
36	13	work	7.48209
37	1	The	1.88634
37	2	car	7.79508
37	3	steered	13.4076
37	4	into	2.36066
37	5	the	1.55816
37	6	parking	9.25726
37	7	lot	3.06716
37	8	crashed	17.1825
37	9	into	4.19592
37	10	a	2.17718
37	11	concrete	8.40841
37	12	wall	5.44636
38	1	The	1.87269
38	2	car	7.96731
38	3	that	4.61656
38	4	was	2.47414
38	5	steered	11.5078
38	6	into	1.48969
38	7	the	1.23117
38	8	parking	9.08166
38	9	lot	3.45052
38	10	crashed	10.5927
38	11	into	4.14486
38	12	a	2.01109
38	13	concrete	8.36906
38	14	wall	5.15398
39	1	The	1.9761
39	2	car	7.8872
39	3	driven	10.7693
39	4	into	3.84342
39	5	the	1.20716
39	6	parking	8.91298
39	7	lot	3.29583
39	8	crashed	10.3338
39	9	into	3.84585
39	10	a	1.89752
39	11	concrete	8.33108
39	12	wall	5.09653
40	1	The	2.0172
40	2	car	7.91442
40	3	that	13.1876
40	4	was	3.03567
40	5	driven	6.79633
40	6	into	3.56113
40	7	the	1.39432
40	8	parking	9.21067
40	9	lot	2.82202
40	10	crashed	16.7598
40	11	into	4.26308
40	12	a	2.21275
40	13	concrete	8.55434
40	14	wall	5.03232
41	1	The	1.87421
41	2	campaign	6.96895
41	3	intended	10.2445
41	4	to	0.116641
41	5	be	3.70731
41	6	very	5.93555
41	7	popular	4.68481
41	8	was	4.85392
41	9	still	5.41902
41	10	unsuccessful	7.34777
42	1	The	1.92163
42	2	campaign	7.10124
42	3	that	9.72084
42	4	was	2.93396
42	5	intended	5.89839
42	6	to	0.127632
42	7	be	3.72347
42	8	very	6.30672
42	9	popular	4.56768
42	10	was	13.3172
42	11	still	7.92156
42	12	unsuccessful	8.1774
43	1	The	1.86394
43	2	campaign	7.01242
43	3	known	13.4532
43	4	to	4.34487
43	5	be	1.66154
43	6	very	5.41859
43	7	popular	4.36569
43	8	was	13.0578
43	9	still	7.62046
43	10	unsuccessful	9.44917
44	1	The	1.84833
44	2	campaign	6.88393
44	3	that	4.61187
44	4	was	2.66876
44	5	known	6.71073
44	6	to	2.71386
44	7	be	0.97025
44	8	very	6.69132
44	9	popular	4.85839
44	10	was	2.56339
44	11	still	5.38914
44	12	unsuccessful	7.94713
45	1	The	1.9444
45	2	student	9.30667
45	3	composed	11.7868
45	4	a	2.2615
45	5	carefully	8.36607
45	6	worded	4.42293
45	7	excuse	9.96654
45	8	forgot	15.385
45	9	to	1.92728
45	10	give	4.99622
45	11	it	3.64145
45	12	to	2.53335
45	13	the	1.47956
45	14	teacher	7.81002
46	1	The	1.95677
46	2	student	9.3013
46	3	who	10.7092
46	4	was	4.043
46	5	composed	10.5002
46	6	a	4.98674
46	7	carefully	8.49032
46	8	worded	4.83076
46	9	excuse	10.5964
46	10	forgot	16.6443
46	11	to	3.05127
46	12	give	5.47689
46	13	it	3.38246
46	14	to	1.86381
46	15	the	1.19986
46	16	teacher	7.53244
47	1	The	1.9149
47	2	student	9.30347
47	3	written	10.6753
47	4	a	1.89143
47	5	carefully	7.92957
47	6	worded	3.8171
47	7	excuse	10.5162
47	8	forgot	17.5831
47	9	to	1.12971
47	10	give	4.88328
47	11	it	3.609
47	12	to	2.06293
47	13	the	1.31275
47	14	teacher	7.75259
48	1	The	1.91283
48	2	student	9.27409
48	3	who	4.60816
48	4	was	3.03644
48	5	written	7.6751
48	6	a	6.16752
48	7	carefully	12.2361
48	8	worded	12.972
48	9	excuse	11.813
48	10	forgot	9.64285
48	11	to	1.08189
48	12	give	4.76598
48	13	it	3.23178
48	14	to	2.57016
48	15	the	1.45667
48	16	teacher	7.61831
49	1	The	1.93209
49	2	television	8.66666
49	3	show	4.03523
49	4	started	7.60729
49	5	three	5.74454
49	6	weeks	1.87483
49	7	ago	0.265258
49	8	was	2.04301
49	9	canceled	6.24947
49	10	immediately	8.77559
50	1	The	2.0138
50	2	television	8.67678
50	3	show	3.96825
50	4	that	3.24462
50	5	was	2.62782
50	6	started	5.70662
50	7	three	5.52761
50	8	weeks	2.00184
50	9	ago	0.24101
50	10	was	1.58329
50	11	canceled	6.17395
50	12	immediately	9.48047
51	1	The	2.07273
51	2	television	8.68991
51	3	show	3.8873
51	4	begun	8.98936
51	5	three	5.91858
51	6	weeks	1.66413
51	7	ago	0.0422148
51	8	was	1.43313
51	9	canceled	6.47775
51	10	immediately	7.88345
52	1	The	1.85011
52	2	television	8.62975
52	3	show	3.98247
52	4	that	3.86594
52	5	was	2.5514
52	6	begun	6.73296
52	7	three	6.98902
52	8	weeks	1.7603
52	9	ago	0.0437497
52	10	was	1.64183
52	11	canceled	6.31343
52	12	immediately	6.87774
53	1	The	1.95805
53	2	boys	9.80481
53	3	performed	8.23874
53	4	an	4.98865
53	5	unsolicited	7.48113
53	6	favor	11.265
53	7	appreciated	15.0496
53	8	the	5.78698
53	9	person	10.0256
53	10	who	1.75998
53	11	helped	5.29397
53	12	them	3.98577
54	1	The	1.89042
54	2	boys	9.80674
54	3	who	3.89433
54	4	were	3.50009
54	5	performed	9.18835
54	6	an	8.06697
54	7	unsolicited	8.4465
54	8	favor	10.8562
54	9	appreciated	12.1628
54	10	the	2.16025
54	11	person	9.55618
54	12	who	3.25527
54	13	helped	5.20502
54	14	them	3.48696
55	1	The	1.84182
55	2	boys	9.83058
55	3	done	10.3511
55	4	an	4.77771
55	5	unsolicited	7.58027
55	6	favor	11.378
55	7	appreciated	15.6289
55	8	the	5.52729
55	9	person	10.7879
55	10	who	5.23395
55	11	helped	6.0537
55	12	them	3.88868
56	1	The	1.89871
56	2	boys	9.8691
56	3	who	2.81961
56	4	were	3.21758
56	5	done	8.89839
56	6	an	7.54938
56	7	unsolicited	7.89549
56	8	favor	10.4204
56	9	appreciated	14.1885
56	10	the	2.29546
56	11	person	9.82846
56	12	who	3.95503
56	13	helped	5.34575
56	14	them	3.71361
57	1	The	1.9325
57	2	player	10.5471
57	3	tossed	10.5764
57	4	the	2.10146
57	5	baseball	8.06353
57	6	dropped	17.7598
57	7	it	7.66285
57	8	on	4.45145
57	9	the	1.20023
57	10	ground	4.5715
58	1	The	1.94343
58	2	player	10.2815
58	3	who	3.95163
58	4	was	3.12038
58	5	tossed	8.01779
58	6	the	4.25515
58	7	baseball	7.71424
58	8	dropped	12.6483
58	9	it	4.01187
58	10	on	4.09579
58	11	the	1.17324
58	12	ground	4.76825
59	1	The	1.98367
59	2	player	10.4155
59	3	thrown	12.3751
59	4	the	2.31675
59	5	baseball	8.42222
59	6	dropped	18.6184
59	7	it	7.51185
59	8	on	8.99354
59	9	the	1.40732
59	10	ground	5.21246
60	1	The	1.7996
60	2	player	10.5996
60	3	who	4.64473
60	4	was	3.11315
60	5	thrown	6.98576
60	6	the	6.08896
60	7	baseball	8.13948
60	8	dropped	12.7406
60	9	it	4.067
60	10	on	4.32612
60	11	the	1.17374
60	12	ground	4.71782
61	1	The	1.99835
61	2	child	9.62103
61	3	jumped	9.61242
61	4	past	8.43962
61	5	the	1.79309
61	6	swings	13.194
61	7	was	14.1098
61	8	upset	10.726
61	9	about	3.74244
61	10	it	6.06975
62	1	The	1.76698
62	2	child	9.66426
62	3	who	3.35733
62	4	was	3.43388
62	5	jumped	12.3682
62	6	past	8.00225
62	7	the	1.35276
62	8	swings	13.4058
62	9	was	1.9293
62	10	upset	7.45848
62	11	about	1.41697
62	12	it	5.73391
63	1	The	1.89745
63	2	child	9.61871
63	3	led	9.16172
63	4	past	9.22966
63	5	the	2.41106
63	6	swings	12.504
63	7	was	14.2356
63	8	upset	10.0737
63	9	about	3.79164
63	10	it	6.40728
64	1	The	1.97292
64	2	child	9.68036
64	3	who	13.9853
64	4	was	3.65625
64	5	led	8.48239
64	6	past	10.9779
64	7	the	2.31019
64	8	swings	12.5526
64	9	was	12.223
64	10	upset	9.52888
64	11	about	3.95486
64	12	it	5.42068
65	1	The	1.90297
65	2	students	8.24076
65	3	prepared	9.48724
65	4	a	2.41942
65	5	fancy	8.64404
65	6	dinner	5.95385
65	7	ate	16.7747
65	8	the	2.60449
65	9	meal	9.25149
65	10	quickly	10.6508
66	1	The	1.9615
66	2	students	8.11162
66	3	who	13.4646
66	4	were	5.75915
66	5	prepared	7.09285
66	6	a	7.05433
66	7	fancy	8.45242
66	8	dinner	5.89077
66	9	ate	16.5081
66	10	the	3.6205
66	11	meal	8.98994
66	12	quickly	9.74375
67	1	The	1.94863
67	2	students	8.15922
67	3	gotten	14.6224
67	4	a	2.28633
67	5	fancy	7.277
67	6	dinner	6.52633
67	7	ate	12.6622
67	8	the	5.1422
67	9	meal	9.05424
67	10	quickly	8.5153
68	1	The	1.77256
68	2	students	8.11739
68	3	who	3.9193
68	4	were	3.63716
68	5	gotten	11.193
68	6	a	3.0801
68	7	fancy	7.3087
68	8	dinner	6.27417
68	9	ate	8.71999
68	10	the	1.91399
68	11	meal	8.98422
68	12	quickly	7.8714
69	1	The	1.73798
69	2	infant	11.1918
69	3	fed	12.0168
69	4	during	8.7543
69	5	the	0.800899
69	6	night	5.86956
69	7	yelled	15.6104
69	8	intensely	12.2832
70	1	The	2.05069
70	2	infant	11.2424
70	3	that	9.27834
70	4	was	4.14334
70	5	fed	7.28284
70	6	during	6.31398
70	7	the	0.824505
70	8	night	5.9938
70	9	yelled	16.0149
70	10	intensely	15.6092
71	1	The	1.92407
71	2	infant	11.1982
71	3	aroused	12.9992
71	4	during	15.4806
71	5	the	1.81996
71	6	night	5.71287
71	7	yelled	15.9458
71	8	intensely	11.9863
72	1	The	1.84654
72	2	infant	11.1594
72	3	that	14.1964
72	4	was	3.14398
72	5	aroused	9.68088
72	6	during	4.94807
72	7	the	0.828006
72	8	night	6.09091
72	9	yelled	15.7794
72	10	intensely	16.0428
73	1	The	1.97611
73	2	refugee	12.381
73	3	sheltered	13.6547
73	4	in	4.91747
73	5	the	1.32097
73	6	basement	7.81244
73	7	departed	15.0009
73	8	during	6.16598
73	9	the	0.777897
73	10	night	5.99296
74	1	The	1.97244
74	2	refugee	12.4008
74	3	who	15.4088
74	4	was	4.02807
74	5	sheltered	10.6632
74	6	in	2.39362
74	7	the	1.32809
74	8	basement	7.85992
74	9	departed	14.8601
74	10	during	14.4789
74	11	the	2.91708
74	12	night	6.16061
75	1	The	1.91567
75	2	refugee	12.4012
75	3	hidden	14.7045
75	4	in	3.56708
75	5	the	1.25454
75	6	basement	7.24223
75	7	departed	15.3219
75	8	during	5.66899
75	9	the	0.943834
75	10	night	5.88111
76	1	The	1.87829
76	2	refugee	12.3879
76	3	who	15.4379
76	4	was	3.07802
76	5	hidden	10.1244
76	6	in	1.38022
76	7	the	1.32467
76	8	basement	6.62865
76	9	departed	15.0304
76	10	during	5.63517
76	11	the	0.681331
76	12	night	6.00018
77	1	The	1.92609
77	2	dog	11.0492
77	3	walked	8.97566
77	4	on	3.79299
77	5	the	1.11714
77	6	beach	5.25451
77	7	UNK-LC-ed	12.2715
77	8	after	5.34528
77	9	a	2.10668
77	10	bird	8.14896
78	1	The	1.79412
78	2	dog	11.0516
78	3	that	6.72712
78	4	was	3.12797
78	5	walked	9.77712
78	6	on	3.13376
78	7	the	0.82051
78	8	beach	5.14444
78	9	UNK-LC-ed	8.47204
78	10	after	6.53517
78	11	a	1.79331
78	12	bird	8.49771
79	1	The	1.95882
79	2	dog	11.0365
79	3	seen	12.0114
79	4	on	6.4678
79	5	the	1.39538
79	6	beach	6.26707
79	7	UNK-LC-ed	11.3492
79	8	after	5.79876
79	9	a	1.92838
79	10	bird	8.1399
80	1	The	1.75917
80	2	dog	11.0305
80	3	that	6.72085
80	4	was	3.16166
80	5	seen	6.0675
80	6	on	4.61954
80	7	the	0.888745
80	8	beach	5.80207
80	9	UNK-LC-ed	8.29146
80	10	after	6.34026
80	11	a	1.91592
80	12	bird	8.20883
81	1	The	1.80221
81	2	ship	9.43271
81	3	steered	12.2207
81	4	off	4.56712
81	5	course	9.29639
81	6	sank	14.512
81	7	in	2.45871
81	8	the	1.29403
81	9	storm	8.34265
82	1	The	1.82404
82	2	ship	9.30461
82	3	that	9.99954
82	4	was	2.93839
82	5	steered	12.0444
82	6	off	5.11442
82	7	course	10.7992
82	8	sank	17.4651
82	9	in	2.45142
82	10	the	1.29062
82	11	storm	7.89761
83	1	The	1.83711
83	2	ship	9.46023
83	3	blown	12.9756
83	4	off	3.61831
83	5	course	9.00263
83	6	sank	16.1303
83	7	in	2.8806
83	8	the	1.30552
83	9	storm	7.72965
84	1	The	1.89647
84	2	ship	9.29311
84	3	that	4.61609
84	4	was	2.53173
84	5	blown	7.49248
84	6	off	3.19093
84	7	course	10.3763
84	8	sank	9.39495
84	9	in	2.70578
84	10	the	1.39027
84	11	storm	8.14629
85	1	The	1.99423
85	2	fans	10.4247
85	3	cheered	8.81691
85	4	at	5.43292
85	5	the	1.02192
85	6	concert	6.60026
85	7	took	14.5665
85	8	photos	9.23577
85	9	with	3.14935
85	10	their	3.83452
85	11	phones	8.47438
86	1	The	1.93279
86	2	fans	10.3615
86	3	that	9.52464
86	4	were	3.52991
86	5	cheered	7.15833
86	6	at	4.91959
86	7	the	1.1782
86	8	concert	7.19571
86	9	took	15.3322
86	10	photos	9.75466
86	11	with	4.44067
86	12	their	3.99712
86	13	phones	8.70839
87	1	The	1.81165
87	2	fans	10.5211
87	3	UNK-LC-ed	8.68331
87	4	at	4.20857
87	5	the	1.03932
87	6	concert	6.78073
87	7	took	15.2953
87	8	photos	9.11911
87	9	with	3.88249
87	10	their	3.91042
87	11	phones	8.57943
88	1	The	1.8455
88	2	fans	10.468
88	3	that	8.94382
88	4	were	3.56407
88	5	UNK-LC-ed	6.9387
88	6	at	3.55229
88	7	the	1.0407
88	8	concert	6.94139
88	9	took	6.23357
88	10	photos	9.01217
88	11	with	3.87589
88	12	their	3.83598
88	13	phones	8.45079
89	1	The	1.90022
89	2	boat	10.345
89	3	steered	12.6086
89	4	to	2.49666
89	5	the	1.14239
89	6	sea	5.62608
89	7	disappeared	15.2525
89	8	in	3.41333
89	9	the	1.62154
89	10	storm	8.56411
90	1	The	1.94401
90	2	boat	10.0701
90	3	that	13.0951
90	4	was	3.00578
90	5	steered	11.1543
90	6	in	2.80351
90	7	the	1.34827
90	8	sea	7.09144
90	9	disappeared	15.9263
90	10	in	3.35973
90	11	the	1.06839
90	12	storm	8.07461
91	1	The	1.85495
91	2	boat	10.2267
91	3	sunk	11.4051
91	4	in	2.68783
91	5	the	1.74924
91	6	sea	7.05386
91	7	disappeared	14.5472
91	8	in	2.33141
91	9	the	1.39634
91	10	storm	7.56647
92	1	The	1.91789
92	2	boat	10.2129
92	3	that	4.67157
92	4	was	2.6235
92	5	sunk	8.70108
92	6	in	1.99626
92	7	the	1.39689
92	8	sea	6.85454
92	9	disappeared	8.74993
92	10	in	2.0506
92	11	the	1.71276
92	12	storm	7.82711
93	1	The	1.84888
93	2	couple	8.47556
93	3	bought	6.84263
93	4	the	2.10247
93	5	apartment	7.28682
93	6	moved	13.3532
93	7	to	1.7481
93	8	a	2.49238
93	9	different	7.0298
93	10	city	4.30346
94	1	The	1.75211
94	2	couple	8.38661
94	3	that	6.51458
94	4	was	3.04727
94	5	bought	6.14395
94	6	the	5.84986
94	7	apartment	7.38564
94	8	moved	8.48479
94	9	to	1.4822
94	10	a	2.67361
94	11	different	5.77117
94	12	city	4.63464
95	1	The	1.97835
95	2	couple	8.46586
95	3	shown	9.56966
95	4	the	2.17604
95	5	apartment	10.1062
95	6	moved	8.00568
95	7	to	1.88554
95	8	a	2.19846
95	9	different	5.79984
95	10	city	4.92549
96	1	The	2.17068
96	2	couple	8.46364
96	3	that	8.71889
96	4	was	2.88773
96	5	shown	7.19872
96	6	the	4.53281
96	7	apartment	9.75883
96	8	moved	7.65936
96	9	to	1.87128
96	10	a	2.43155
96	11	different	5.82537
96	12	city	4.84168
97	1	The	2.01744
97	2	girl	10.5361
97	3	made	6.77147
97	4	a	1.93772
97	5	new	3.99207
97	6	blanket	8.42516
97	7	lost	9.45599
97	8	it	8.43207
97	9	during	4.93922
97	10	the	0.809706
97	11	trip	6.99937
98	1	The	1.82279
98	2	girl	10.684
98	3	who	3.23059
98	4	was	2.85534
98	5	made	6.13822
98	6	a	3.74777
98	7	new	3.9554
98	8	blanket	8.84135
98	9	lost	8.64676
98	10	it	4.47414
98	11	during	5.2108
98	12	the	0.89684
98	13	trip	6.72215
99	1	The	1.99139
99	2	girl	10.6083
99	3	given	7.96067
99	4	a	2.09271
99	5	new	4.05083
99	6	blanket	8.80296
99	7	lost	7.99283
99	8	it	4.89635
99	9	during	5.1941
99	10	the	0.841858
99	11	trip	6.74017
100	1	The	1.80827
100	2	girl	10.6309
100	3	who	4.61674
100	4	was	2.85972
100	5	given	5.27691
100	6	a	1.71923
100	7	new	4.02067
100	8	blanket	8.75878
100	9	lost	8.00321
100	10	it	4.83918
100	11	during	5.0388
100	12	the	0.82553
100	13	trip	6.59756
101	1	The	1.96875
101	2	airplane	11.1882
101	3	landed	8.1294
101	4	in	1.77744
101	5	the	1.689
101	6	mountains	6.71426
101	7	broke	12.0442
101	8	down	4.76023
101	9	during	5.12184
101	10	the	1.09237
101	11	ice	9.90023
101	12	storm	7.88518
102	1	The	1.93081
102	2	airplane	11.4833
102	3	that	13.5529
102	4	was	3.07617
102	5	landed	9.81837
102	6	in	1.04372
102	7	the	1.79555
102	8	mountains	6.83585
102	9	broke	13.6659
102	10	down	3.24113
103	1	The	1.99738
103	2	airplane	11.2442
103	3	flown	12.4761
103	4	in	2.99928
103	5	the	2.05256
103	6	mountains	7.74492
103	7	broke	11.7869
103	8	down	5.96489
103	9	during	5.17886
103	10	the	0.70384
103	11	ice	10.3411
103	12	storm	7.46103
104	1	The	1.88528
104	2	airplane	11.2127
104	3	that	12.4811
104	4	was	2.87624
104	5	flown	9.1605
104	6	in	2.22273
104	7	the	1.94943
104	8	mountains	7.98309
104	9	broke	12.2479
104	10	down	3.08911
104	11	during	4.71863
104	12	the	0.583632
104	13	ice	10.1742
104	14	storm	7.10413
105	1	The	1.91521
105	2	child	9.68324
105	3	carried	9.24389
105	4	down	6.22829
105	5	the	1.56764
105	6	hall	7.20127
105	7	yelled	16.4081
105	8	at	4.3613
105	9	the	1.23478
105	10	top	6.11128
105	11	of	2.94165
105	12	his	3.15997
105	13	lungs	8.03284
106	1	The	1.86555
106	2	child	9.7526
106	3	that	13.0726
106	4	was	3.91641
106	5	carried	6.26085
106	6	down	4.70589
106	7	the	3.36735
106	8	hall	5.64425
106	9	yelled	13.9877
106	10	at	2.84975
106	11	the	1.2947
106	12	top	5.97188
106	13	of	1.43432
106	14	his	3.10607
106	15	lungs	7.87683
107	1	The	1.82012
107	2	child	9.71581
107	3	borne	13.2469
107	4	down	5.69224
107	5	the	1.6803
107	6	hall	9.45522
107	7	yelled	13.875
107	8	at	2.98936
107	9	the	1.16381
107	10	top	6.30895
107	11	of	1.35135
107	12	his	3.06389
107	13	lungs	8.18238
108	1	The	1.95525
108	2	child	9.74922
108	3	that	7.25785
108	4	was	3.46584
108	5	borne	10.1527
108	6	down	5.2213
108	7	the	1.57267
108	8	hall	5.44393
108	9	yelled	10.933
108	10	at	3.39175
108	11	the	1.08346
108	12	top	5.87405
108	13	of	1.21046
108	14	his	3.27985
108	15	lungs	8.26371
