sentence_id	token_id	token	surprisal
1	1	The	1.8712
1	2	woman	8.55937
1	3	brought	7.29008
1	4	the	2.03939
1	5	sandwich	10.0109
1	6	from	3.78185
1	7	the	1.31049
1	8	kitchen	5.31705
1	9	fell	11.602
1	10	in	2.9326
1	11	the	1.87238
1	12	dining	7.81121
1	13	room	0.71331
2	1	The	1.97085
2	2	woman	8.41034
2	3	who	2.2166
2	4	was	2.89153
2	5	brought	5.98034
2	6	the	4.34039
2	7	sandwich	10.1208
2	8	from	3.68975
2	9	the	1.22449
2	10	kitchen	5.22673
2	11	fell	8.12857
2	12	in	2.85213
2	13	the	1.72331
2	14	dining	7.75918
2	15	room	0.709907
3	1	The	1.88127
3	2	woman	8.39024
3	3	given	8.06741
3	4	the	2.10413
3	5	sandwich	10.1435
3	6	from	5.97839
3	7	the	1.20915
3	8	kitchen	5.87919
3	9	fell	7.72605
3	10	in	2.92561
3	11	the	1.71075
3	12	dining	7.8295
3	13	room	0.713824
4	1	The	1.92662
4	2	woman	8.4933
4	3	who	3.51566
4	4	was	2.93992
4	5	given	5.17103
4	6	the	1.93735
4	7	sandwich	10.4508
4	8	from	4.96447
4	9	the	1.12471
4	10	kitchen	6.05509
4	11	fell	7.62761
4	12	in	2.8601
4	13	the	1.72336
4	14	dining	7.83903
4	15	room	0.73294
5	1	The	1.99929
5	2	convict	12.9887
5	3	walked	8.48837
5	4	into	2.06295
5	5	the	1.06842
5	6	dark	6.03463
5	7	cell	9.01361
5	8	tried	11.0238
5	9	to	0.298181
5	10	escape	4.99265
5	11	but	6.8295
5	12	failed	5.83709
6	1	The	1.93902
6	2	convict	12.986
6	3	who	2.82593
6	4	was	2.76723
6	5	walked	11.0488
6	6	into	2.14695
6	7	the	0.833422
6	8	dark	6.41672
6	9	cell	9.1666
6	10	tried	7.85877
6	11	to	0.290965
6	12	escape	5.20661
6	13	but	7.95575
6	14	failed	10.2272
7	1	The	1.92755
7	2	convict	13.1045
7	3	taken	10.0185
7	4	into	2.80962
7	5	the	0.89377
7	6	dark	7.65315
7	7	cell	9.52329
7	8	tried	7.48574
7	9	to	0.23813
7	10	escape	5.31492
7	11	but	8.55901
7	12	failed	8.98787
8	1	The	1.92789
8	2	convict	12.9868
8	3	who	12.8338
8	4	was	3.03553
8	5	taken	5.57724
8	6	into	2.59474
8	7	the	1.39093
8	8	dark	7.07032
8	9	cell	9.50949
8	10	tried	14.7463
8	11	to	1.40493
8	12	escape	5.22189
8	13	but	9.45519
8	14	failed	9.83123
9	1	The	1.84854
9	2	prisoners	11.9023
9	3	hit	7.49249
9	4	for	6.0772
9	5	hours	5.69246
9	6	and	6.62736
9	7	hours	6.00665
9	8	confessed	15.5114
9	9	to	1.10708
9	10	crimes	7.22916
9	11	they	5.36715
9	12	never	5.57523
9	13	committed	7.32409
10	1	The	1.79078
10	2	prisoners	11.8718
10	3	who	4.18134
10	4	were	3.25818
10	5	hit	6.95937
10	6	for	4.92322
10	7	hours	5.51479
10	8	and	5.92833
10	9	hours	4.2924
10	10	confessed	11.1061
10	11	to	0.682621
10	12	crimes	7.27198
10	13	they	4.63028
10	14	never	4.31507
10	15	committed	7.30318
11	1	The	1.93655
11	2	prisoners	11.8742
11	3	beaten	11.0233
11	4	for	5.65083
11	5	hours	6.07243
11	6	and	4.38893
11	7	hours	2.07767
11	8	confessed	12.9386
11	9	to	0.561848
11	10	crimes	7.50313
11	11	they	4.31007
11	12	never	4.89868
11	13	committed	7.34284
12	1	The	1.8275
12	2	prisoners	11.8686
12	3	who	4.21824
12	4	were	3.17492
12	5	beaten	7.00533
12	6	for	4.48777
12	7	hours	5.555
12	8	and	4.52978
12	9	hours	4.17883
12	10	confessed	12.1534
12	11	to	0.933533
12	12	crimes	7.35738
12	13	they	4.57427
12	14	never	5.13366
12	15	committed	7.37444
13	1	The	1.94827
13	2	business	7.79634
13	3	expanded	8.24367
13	4	into	5.46411
13	5	an	4.05618
13	6	empire	5.87077
13	7	was	11.7968
13	8	sold	3.81987
13	9	for	2.7671
13	10	billions	9.01476
13	11	of	0.675199
13	12	dollars	0.0279106
14	1	The	1.87044
14	2	business	7.81635
14	3	that	10.9092
14	4	was	5.65672
14	5	expanded	8.27812
14	6	into	5.59619
14	7	an	4.27457
14	8	empire	6.04658
14	9	was	11.3875
14	10	sold	3.34578
14	11	for	2.90729
14	12	billions	8.87721
14	13	of	0.520898
14	14	dollars	0.0264892
15	1	The	1.8733
15	2	business	7.77223
15	3	grown	14.1537
15	4	into	4.52813
15	5	an	5.1279
15	6	empire	6.24145
15	7	was	3.21175
15	8	sold	5.2892
15	9	for	2.8051
15	10	billions	8.80764
15	11	of	0.57801
15	12	dollars	0.0451931
16	1	The	1.86635
16	2	business	7.7127
16	3	that	3.93088
16	4	was	2.97204
16	5	grown	9.33788
16	6	into	4.63383
16	7	an	4.82167
16	8	empire	6.35886
16	9	was	3.40791
16	10	sold	5.52369
16	11	for	2.78094
16	12	billions	8.45099
16	13	of	0.451325
16	14	dollars	0.0306548
17	1	The	1.86365
17	2	mice	11.7153
17	3	consumed	9.54516
17	4	rapidly	13.1883
17	5	and	2.44349
17	6	entirely	9.68123
17	7	were	6.62279
17	8	carrying	7.15827
17	9	a	2.54361
17	10	rare	6.63927
17	11	bacteria	7.96518
18	1	The	1.89452
18	2	mice	11.7072
18	3	that	5.35445
18	4	were	3.9702
18	5	consumed	6.1582
18	6	rapidly	12.1567
18	7	and	5.38069
18	8	entirely	8.42833
18	9	were	4.45032
18	10	carrying	7.34344
18	11	a	2.35784
18	12	rare	6.11733
18	13	bacteria	8.00753
19	1	The	1.93468
19	2	mice	11.6217
19	3	consumed	9.3648
19	4	rapidly	9.27565
19	5	and	4.34993
19	6	entirely	10.1953
19	7	were	7.42633
19	8	carrying	7.52539
19	9	a	2.50052
19	10	rare	6.52097
19	11	bacteria	7.90041
20	1	The	1.73154
20	2	mice	11.5762
20	3	that	4.66149
20	4	were	3.9064
20	5	consumed	6.06746
20	6	rapidly	10.7415
20	7	and	5.42769
20	8	entirely	10.7008
20	9	were	3.24579
20	10	carrying	7.09221
20	11	a	2.39119
20	12	rare	6.22429
20	13	bacteria	7.94674
21	1	The	2.0287
21	2	lawyer	8.17237
21	3	pledged	9.81138
21	4	to	0.554161
21	5	keep	4.96963
21	6	silent	13.4718
21	7	was	14.3009
21	8	discovered	10.3243
21	9	to	4.0866
21	10	have	4.111
21	11	broken	5.61252
21	12	his	3.93493
21	13	promise	7.40328
22	1	The	1.94498
22	2	lawyer	8.23363
22	3	that	10.85
22	4	was	7.3667
22	5	pledged	9.78448
22	6	to	0.56451
22	7	keep	4.94642
22	8	silent	13.3115
22	9	was	13.4957
22	10	discovered	9.42799
22	11	to	2.54602
22	12	have	3.30922
22	13	broken	5.82721
22	14	his	4.08237
22	15	promise	7.37959
23	1	The	1.94087
23	2	lawyer	8.14458
23	3	committed	10.8905
23	4	to	2.00033
23	5	keep	5.25635
23	6	silent	8.78778
23	7	was	11.9376
23	8	discovered	7.61117
23	9	to	2.66686
23	10	have	2.76238
23	11	broken	5.72557
23	12	his	3.22008
23	13	promise	7.50321
24	1	The	1.95593
24	2	lawyer	8.23811
24	3	who	4.61057
24	4	was	3.03622
24	5	committed	8.0197
24	6	to	0.117976
24	7	keep	8.76924
24	8	silent	13.6945
24	9	was	5.09409
24	10	discovered	8.13689
24	11	to	1.57996
24	12	have	2.00576
24	13	broken	6.48669
24	14	his	3.03348
24	15	promise	7.47008
25	1	The	1.78856
25	2	child	9.6411
25	3	kicked	10.2595
25	4	in	1.63754
25	5	the	2.05988
25	6	chaos	9.93893
25	7	found	6.76343
25	8	her	7.48063
25	9	way	7.69725
25	10	back	7.77574
25	11	home	6.39969
26	1	The	1.95952
26	2	child	9.64144
26	3	who	4.74357
26	4	was	3.4302
26	5	kicked	7.85754
26	6	in	1.80644
26	7	the	2.53137
26	8	chaos	10.0818
26	9	found	6.27969
26	10	her	5.21355
26	11	way	6.73108
26	12	back	5.7547
26	13	home	7.13075
27	1	The	1.97028
27	2	child	9.69555
27	3	forgotten	12.4665
27	4	in	3.37416
27	5	the	1.2669
27	6	chaos	8.38884
27	7	found	6.587
27	8	her	6.76561
27	9	way	7.23873
27	10	back	4.94802
27	11	home	7.16561
28	1	The	1.91117
28	2	child	9.64445
28	3	who	4.05046
28	4	was	3.38115
28	5	forgotten	9.36502
28	6	in	2.36992
28	7	the	1.20831
28	8	chaos	9.08939
28	9	found	6.58728
28	10	her	4.47743
28	11	way	6.51307
28	12	back	7.41815
28	13	home	8.33329
29	1	The	1.97848
29	2	horses	12.0969
29	3	UNK-LC-ed	9.08593
29	4	past	7.78424
29	5	the	1.37939
29	6	barn	9.0153
29	7	fell	13.1292
29	8	into	4.7685
29	9	a	2.14968
29	10	swamp	9.37791
30	1	The	2.04546
30	2	horses	12.1258
30	3	that	4.08973
30	4	were	3.34617
30	5	UNK-LC-ed	6.68453
30	6	past	8.06006
30	7	the	1.17941
30	8	barn	8.74891
30	9	fell	6.4656
30	10	into	3.81535
30	11	a	1.95021
30	12	swamp	9.24808
31	1	The	2.00841
31	2	horses	12.1014
31	3	taken	8.15638
31	4	past	7.59976
31	5	the	1.07231
31	6	barn	8.60094
31	7	fell	6.82754
31	8	into	3.83318
31	9	a	1.95079
31	10	swamp	9.3926
32	1	The	1.97664
32	2	horses	12.0958
32	3	that	13.2216
32	4	were	4.55818
32	5	taken	6.08924
32	6	past	7.12019
32	7	the	1.34876
32	8	barn	8.84053
32	9	fell	13.2487
32	10	into	5.59642
32	11	a	2.03607
32	12	swamp	9.3075
33	1	The	2.12756
33	2	artist	10.1521
33	3	painted	8.58601
33	4	a	1.27397
33	5	impressionist	12.4281
33	6	portrait	5.32142
33	7	was	11.0672
33	8	impressed	9.67505
33	9	with	1.1564
33	10	the	1.12165
33	11	work	7.67211
34	1	The	1.82448
34	2	artist	10.0872
34	3	who	4.65411
34	4	was	3.04325
34	5	painted	7.73598
34	6	a	4.22771
34	7	impressionist	12.314
34	8	portrait	5.64648
34	9	was	12.2551
34	10	impressed	11.1351
34	11	with	1.79604
34	12	the	1.23684
34	13	work	7.61379
35	1	The	2.01756
35	2	artist	10.1261
35	3	drawn	12.0506
35	4	a	2.05207
35	5	impressionist	12.759
35	6	portrait	5.59111
35	7	was	12.0143
35	8	impressed	10.5034
35	9	with	1.27022
35	10	the	1.13576
35	11	work	7.62104
36	1	The	1.8062
36	2	artist	10.0558
36	3	who	14.3732
36	4	was	5.06611
36	5	drawn	6.57214
36	6	a	5.14783
36	7	impressionist	13.297
36	8	portrait	5.84112
36	9	was	13.6891
36	10	impressed	9.68947
36	11	with	1.3235
36	12	the	1.16645
36	13	work	7.54906
37	1	The	1.98838
37	2	car	7.86418
37	3	steered	13.8934
37	4	into	2.55993
37	5	the	1.57174
37	6	parking	9.23046
37	7	lot	2.98475
37	8	crashed	16.9388
37	9	into	4.35016
37	10	a	2.38488
37	11	concrete	8.26299
37	12	wall	5.30632
38	1	The	1.86626
38	2	car	7.88231
38	3	that	13.2827
38	4	was	3.07663
38	5	steered	12.0616
38	6	into	1.7289
38	7	the	1.50317
38	8	parking	9.19463
38	9	lot	3.0506
38	10	crashed	18.0246
38	11	into	4.30693
38	12	a	2.33336
38	13	concrete	8.48229
38	14	wall	5.33447
39	1	The	1.849
39	2	car	7.87464
39	3	driven	11.0604
39	4	into	3.31457
39	5	the	1.28637
39	6	parking	9.02601
39	7	lot	3.05666
39	8	crashed	10.3766
39	9	into	4.01755
39	10	a	1.97898
39	11	concrete	8.35531
39	12	wall	4.99897
40	1	The	1.94546
40	2	car	7.90525
40	3	that	13.4215
40	4	was	2.92341
40	5	driven	7.28503
40	6	into	3.85978
40	7	the	1.39645
40	8	parking	9.29395
40	9	lot	2.76968
40	10	crashed	17.5563
40	11	into	3.70219
40	12	a	2.2543
40	13	concrete	8.3501
40	14	wall	5.05112
41	1	The	1.84351
41	2	campaign	6.86057
41	3	intended	10.8653
41	4	to	0.139511
41	5	be	3.5055
41	6	very	5.66176
41	7	popular	4.25328
41	8	was	11.241
41	9	still	7.08691
41	10	unsuccessful	8.72149
42	1	The	1.89007
42	2	campaign	6.95817
42	3	that	4.61706
42	4	was	2.70662
42	5	intended	5.83546
42	6	to	0.341536
42	7	be	3.34983
42	8	very	7.40257
42	9	popular	4.51543
42	10	was	2.49366
42	11	still	5.69292
42	12	unsuccessful	7.90362
43	1	The	1.75836
43	2	campaign	6.94706
43	3	known	8.9732
43	4	to	2.27527
43	5	be	0.93601
43	6	very	7.12049
43	7	popular	4.55914
43	8	was	2.48481
43	9	still	5.17469
43	10	unsuccessful	7.41106
44	1	The	1.91597
44	2	campaign	6.95279
44	3	that	11.1823
44	4	was	3.45778
44	5	known	7.36685
44	6	to	2.58208
44	7	be	0.947065
44	8	very	8.15865
44	9	popular	4.76818
44	10	was	2.73822
44	11	still	5.32346
44	12	unsuccessful	7.23023
45	1	The	1.85599
45	2	student	9.29586
45	3	composed	11.7574
45	4	a	2.77117
45	5	carefully	8.00752
45	6	worded	4.59491
45	7	excuse	10.2558
45	8	forgot	13.8158
45	9	to	1.63469
45	10	give	5.07184
45	11	it	3.77245
45	12	to	2.12856
45	13	the	1.52224
45	14	teacher	7.73902
46	1	The	1.9337
46	2	student	9.27196
46	3	who	4.60831
46	4	was	2.95913
46	5	composed	9.15958
46	6	a	7.80737
46	7	carefully	8.32624
46	8	worded	6.90669
46	9	excuse	11.0464
46	10	forgot	9.74272
46	11	to	1.38329
46	12	give	4.82167
46	13	it	3.08384
46	14	to	2.56901
46	15	the	1.2493
46	16	teacher	7.56075
47	1	The	1.96709
47	2	student	9.26952
47	3	written	10.6554
47	4	a	1.77184
47	5	carefully	8.92647
47	6	worded	3.88415
47	7	excuse	10.397
47	8	forgot	16.1799
47	9	to	1.53622
47	10	give	4.94214
47	11	it	3.64412
47	12	to	3.02578
47	13	the	1.69358
47	14	teacher	7.68283
48	1	The	1.9115
48	2	student	9.30466
48	3	who	4.60855
48	4	was	2.92619
48	5	written	7.59728
48	6	a	5.59202
48	7	carefully	7.46219
48	8	worded	4.69149
48	9	excuse	11.3108
48	10	forgot	10.4815
48	11	to	1.01954
48	12	give	4.79143
48	13	it	3.17982
48	14	to	2.20536
48	15	the	1.41737
48	16	teacher	7.70866
49	1	The	1.7993
49	2	television	8.68587
49	3	show	3.94887
49	4	started	6.99361
49	5	three	6.34648
49	6	weeks	2.03272
49	7	ago	0.795993
49	8	was	10.3466
49	9	canceled	7.49163
49	10	immediately	9.17997
50	1	The	1.82916
50	2	television	8.68262
50	3	show	3.88504
50	4	that	10.0243
50	5	was	2.99942
50	6	started	6.86796
50	7	three	7.15946
50	8	weeks	1.76147
50	9	ago	0.0880508
50	10	was	13.7146
50	11	canceled	7.27876
50	12	immediately	8.53347
51	1	The	1.98554
51	2	television	8.6996
51	3	show	3.82986
51	4	begun	11.7603
51	5	three	6.18743
51	6	weeks	1.78322
51	7	ago	0.640418
51	8	was	10.9593
51	9	canceled	7.32848
51	10	immediately	7.51942
52	1	The	1.95476
52	2	television	8.67497
52	3	show	3.93894
52	4	that	10.9794
52	5	was	3.47246
52	6	begun	7.67929
52	7	three	6.11164
52	8	weeks	1.66331
52	9	ago	0.601039
52	10	was	13.7249
52	11	canceled	7.21865
52	12	immediately	7.18604
53	1	The	2.13989
53	2	boys	9.76516
53	3	performed	8.30327
53	4	an	5.03056
53	5	unsolicited	7.51911
53	6	favor	11.2827
53	7	appreciated	15.1356
53	8	the	4.74132
53	9	person	9.71895
53	10	who	2.80658
53	11	helped	5.39401
53	12	them	4.17727
54	1	The	2.01688
54	2	boys	9.79287
54	3	who	3.22554
54	4	were	3.19536
54	5	performed	9.29925
54	6	an	8.35895
54	7	unsolicited	8.26701
54	8	favor	10.7915
54	9	appreciated	11.9112
54	10	the	2.01554
54	11	person	9.72497
54	12	who	2.44879
54	13	helped	5.29028
54	14	them	3.9487
55	1	The	1.94283
55	2	boys	9.76845
55	3	done	10.4404
55	4	an	4.74825
55	5	unsolicited	7.59778
55	6	favor	11.4845
55	7	appreciated	17.4444
55	8	the	4.44962
55	9	person	9.65061
55	10	who	2.015
55	11	helped	5.40677
55	12	them	3.60582
56	1	The	1.91415
56	2	boys	9.76855
56	3	who	2.81961
56	4	were	3.19189
56	5	done	8.78928
56	6	an	8.43193
56	7	unsolicited	8.24309
56	8	favor	10.7961
56	9	appreciated	12.0067
56	10	the	2.23757
56	11	person	9.69602
56	12	who	2.45099
56	13	helped	5.28877
56	14	them	3.82717
57	1	The	1.8442
57	2	player	10.5571
57	3	tossed	10.5678
57	4	the	2.27057
57	5	baseball	8.02785
57	6	dropped	17.077
57	7	it	6.01293
57	8	on	3.60655
57	9	the	1.14465
57	10	ground	4.75242
58	1	The	1.95646
58	2	player	10.4388
58	3	who	4.64473
58	4	was	3.16986
58	5	tossed	7.9368
58	6	the	4.10165
58	7	baseball	7.72424
58	8	dropped	12.6466
58	9	it	4.05238
58	10	on	4.17134
58	11	the	1.17464
58	12	ground	4.50017
59	1	The	2.03841
59	2	player	10.4122
59	3	thrown	12.7782
59	4	the	2.04602
59	5	baseball	8.42695
59	6	dropped	18.5158
59	7	it	10.0975
59	8	on	3.65057
59	9	the	1.32237
59	10	ground	4.72881
60	1	The	1.94877
60	2	player	10.5706
60	3	who	3.96322
60	4	was	3.05536
60	5	thrown	7.06584
60	6	the	5.00529
60	7	baseball	8.13665
60	8	dropped	12.109
60	9	it	3.87394
60	10	on	4.31001
60	11	the	1.13754
60	12	ground	4.49039
61	1	The	1.87293
61	2	child	9.67725
61	3	jumped	9.60447
61	4	past	8.26612
61	5	the	1.91509
61	6	swings	13.231
61	7	was	13.8264
61	8	upset	9.32858
61	9	about	2.44647
61	10	it	5.99495
62	1	The	1.83675
62	2	child	9.67869
62	3	who	14.2297
62	4	was	5.00645
62	5	jumped	12.2831
62	6	past	7.87952
62	7	the	1.6513
62	8	swings	12.9416
62	9	was	13.4309
62	10	upset	9.15624
62	11	about	2.51634
62	12	it	5.93017
63	1	The	1.88993
63	2	child	9.70404
63	3	led	9.06686
63	4	past	9.20938
63	5	the	2.97104
63	6	swings	12.9124
63	7	was	4.34156
63	8	upset	9.04207
63	9	about	2.58179
63	10	it	6.02064
64	1	The	1.85742
64	2	child	9.69825
64	3	who	3.645
64	4	was	3.43756
64	5	led	8.89175
64	6	past	10.6394
64	7	the	2.03439
64	8	swings	13.8028
64	9	was	2.18391
64	10	upset	7.36847
64	11	about	1.83312
64	12	it	5.73749
65	1	The	2.03618
65	2	students	8.16943
65	3	prepared	9.49928
65	4	a	2.28015
65	5	fancy	8.89099
65	6	dinner	6.0032
65	7	ate	15.1663
65	8	the	2.92272
65	9	meal	9.1868
65	10	quickly	10.1157
66	1	The	1.84565
66	2	students	8.24264
66	3	who	3.92046
66	4	were	3.65128
66	5	prepared	7.76963
66	6	a	7.81675
66	7	fancy	8.4528
66	8	dinner	5.84549
66	9	ate	8.94196
66	10	the	1.79368
66	11	meal	9.05168
66	12	quickly	7.69493
67	1	The	1.94555
67	2	students	8.11246
67	3	gotten	13.8704
67	4	a	2.66611
67	5	fancy	7.22658
67	6	dinner	6.49241
67	7	ate	16.2717
67	8	the	2.38553
67	9	meal	9.40546
67	10	quickly	10.3924
68	1	The	1.97216
68	2	students	8.2005
68	3	who	3.515
68	4	were	3.67372
68	5	gotten	11.2222
68	6	a	3.19249
68	7	fancy	7.15589
68	8	dinner	6.26964
68	9	ate	9.37021
68	10	the	1.86108
68	11	meal	9.06561
68	12	quickly	7.28622
69	1	The	1.89344
69	2	infant	11.1176
69	3	fed	12.5296
69	4	during	9.21059
69	5	the	0.816051
69	6	night	5.7749
69	7	yelled	15.5827
69	8	intensely	11.1611
70	1	The	1.9013
70	2	infant	11.206
70	3	that	14.3802
70	4	was	3.18328
70	5	fed	8.37488
70	6	during	6.14577
70	7	the	0.737969
70	8	night	6.13476
70	9	yelled	15.7714
70	10	intensely	12.9259
71	1	The	1.96907
71	2	infant	11.1713
71	3	aroused	13.0644
71	4	during	9.1913
71	5	the	0.924548
71	6	night	5.93661
71	7	yelled	13.3716
71	8	intensely	12.4072
72	1	The	1.98266
72	2	infant	11.1406
72	3	that	12.4491
72	4	was	2.9324
72	5	aroused	10.1835
72	6	during	4.95873
72	7	the	0.739029
72	8	night	6.00281
72	9	yelled	14.1301
72	10	intensely	13.4445
73	1	The	2.00698
73	2	refugee	12.3984
73	3	sheltered	13.8235
73	4	in	4.67703
73	5	the	1.43339
73	6	basement	7.97208
73	7	departed	14.7107
73	8	during	5.87972
73	9	the	0.752722
73	10	night	5.99159
74	1	The	1.86341
74	2	refugee	12.4975
74	3	who	15.5498
74	4	was	3.43638
74	5	sheltered	10.6047
74	6	in	2.49078
74	7	the	1.37493
74	8	basement	7.72346
74	9	departed	15.4482
74	10	during	10.2852
74	11	the	0.472404
74	12	night	5.7765
75	1	The	1.78745
75	2	refugee	12.3946
75	3	hidden	13.7244
75	4	in	2.10691
75	5	the	0.892647
75	6	basement	7.81113
75	7	departed	11.3625
75	8	during	5.07768
75	9	the	0.879835
75	10	night	5.83436
76	1	The	1.87795
76	2	refugee	12.5199
76	3	who	15.1845
76	4	was	4.11983
76	5	hidden	10.0718
76	6	in	1.45178
76	7	the	1.41407
76	8	basement	6.86234
76	9	departed	15.06
76	10	during	5.53002
76	11	the	0.750516
76	12	night	6.03949
77	1	The	1.99698
77	2	dog	11.079
77	3	walked	9.19112
77	4	on	3.64377
77	5	the	1.09177
77	6	beach	5.31237
77	7	UNK-LC-ed	10.0763
77	8	after	5.14172
77	9	a	1.99631
77	10	bird	8.29459
78	1	The	1.79516
78	2	dog	11.0669
78	3	that	7.4046
78	4	was	3.08574
78	5	walked	9.76847
78	6	on	3.14308
78	7	the	0.991756
78	8	beach	5.25612
78	9	UNK-LC-ed	8.74933
78	10	after	5.60967
78	11	a	1.87624
78	12	bird	8.10789
79	1	The	1.86481
79	2	dog	11.0761
79	3	seen	9.68181
79	4	on	4.25999
79	5	the	0.778066
79	6	beach	5.55192
79	7	UNK-LC-ed	7.83364
79	8	after	6.24244
79	9	a	1.69072
79	10	bird	8.13363
80	1	The	1.74047
80	2	dog	11.0753
80	3	that	7.2717
80	4	was	2.93818
80	5	seen	5.95605
80	6	on	4.77746
80	7	the	0.946501
80	8	beach	5.85145
80	9	UNK-LC-ed	8.67562
80	10	after	6.36896
80	11	a	1.77936
80	12	bird	8.44596
81	1	The	1.78407
81	2	ship	9.39168
81	3	steered	12.3698
81	4	off	4.37129
81	5	course	9.14887
81	6	sank	14.4857
81	7	in	2.27328
81	8	the	1.31247
81	9	storm	8.42585
82	1	The	1.826
82	2	ship	9.35167
82	3	that	4.61722
82	4	was	2.5125
82	5	steered	11.105
82	6	off	4.42382
82	7	course	10.8925
82	8	sank	10.2897
82	9	in	2.65295
82	10	the	1.50477
82	11	storm	8.50563
83	1	The	1.92784
83	2	ship	9.3548
83	3	blown	12.6847
83	4	off	3.51753
83	5	course	9.02366
83	6	sank	10.8813
83	7	in	2.41033
83	8	the	1.54667
83	9	storm	8.3102
84	1	The	1.94345
84	2	ship	9.35535
84	3	that	3.92431
84	4	was	2.4659
84	5	blown	7.54324
84	6	off	3.08201
84	7	course	10.492
84	8	sank	9.63256
84	9	in	2.38869
84	10	the	1.36522
84	11	storm	8.22124
85	1	The	1.8372
85	2	fans	10.4035
85	3	cheered	8.73196
85	4	at	4.79222
85	5	the	1.15924
85	6	concert	6.87813
85	7	took	11.5841
85	8	photos	9.52067
85	9	with	3.38607
85	10	their	3.90353
85	11	phones	8.50675
86	1	The	1.89517
86	2	fans	10.422
86	3	that	7.94236
86	4	were	3.46238
86	5	cheered	7.94536
86	6	at	5.0679
86	7	the	1.12755
86	8	concert	6.87272
86	9	took	7.33678
86	10	photos	9.12777
86	11	with	3.70195
86	12	their	3.87446
86	13	phones	8.46811
87	1	The	1.83456
87	2	fans	10.3966
87	3	UNK-LC-ed	8.54778
87	4	at	4.3228
87	5	the	1.06268
87	6	concert	6.99943
87	7	took	8.40231
87	8	photos	8.88931
87	9	with	4.00247
87	10	their	3.90942
87	11	phones	8.73673
88	1	The	1.85374
88	2	fans	10.4333
88	3	that	8.7518
88	4	were	3.56985
88	5	UNK-LC-ed	6.91138
88	6	at	3.49134
88	7	the	0.977287
88	8	concert	7.05026
88	9	took	6.86688
88	10	photos	8.73296
88	11	with	3.99166
88	12	their	3.87738
88	13	phones	8.51801
89	1	The	1.91983
89	2	boat	10.2237
89	3	steered	11.8236
89	4	to	2.68611
89	5	the	1.12168
89	6	sea	5.85887
89	7	disappeared	15.3663
89	8	in	2.38397
89	9	the	1.52178
89	10	storm	8.3053
90	1	The	1.94586
90	2	boat	10.2738
90	3	that	11.5799
90	4	was	3.24117
90	5	steered	11.0179
90	6	in	2.50503
90	7	the	1.68026
90	8	sea	7.32954
90	9	disappeared	14.8883
90	10	in	2.38772
90	11	the	1.20715
90	12	storm	8.07586
91	1	The	1.93069
91	2	boat	10.188
91	3	sunk	11.5534
91	4	in	2.93398
91	5	the	1.70196
91	6	sea	6.91018
91	7	disappeared	15.0982
91	8	in	2.31414
91	9	the	1.41007
91	10	storm	7.77119
92	1	The	2.07335
92	2	boat	10.212
92	3	that	5.94343
92	4	was	6.18162
92	5	sunk	9.88251
92	6	in	2.46378
92	7	the	1.48445
92	8	sea	6.67842
92	9	disappeared	9.97664
92	10	in	1.968
92	11	the	1.59382
92	12	storm	7.74131
93	1	The	1.91157
93	2	couple	8.56264
93	3	bought	6.93032
93	4	the	2.03601
93	5	apartment	7.41485
93	6	moved	14.0138
93	7	to	1.83605
93	8	a	2.71397
93	9	different	6.97906
93	10	city	4.26412
94	1	The	1.85974
94	2	couple	8.46415
94	3	that	6.32449
94	4	was	2.67355
94	5	bought	6.48163
94	6	the	4.78734
94	7	apartment	7.68859
94	8	moved	9.01562
94	9	to	1.25303
94	10	a	2.84366
94	11	different	5.78542
94	12	city	4.61394
95	1	The	1.82909
95	2	couple	8.5464
95	3	shown	9.49178
95	4	the	2.44818
95	5	apartment	10.3522
95	6	moved	8.08341
95	7	to	1.69121
95	8	a	2.4149
95	9	different	5.93375
95	10	city	4.91756
96	1	The	1.82261
96	2	couple	8.50321
96	3	that	4.38137
96	4	was	4.01887
96	5	shown	6.2254
96	6	the	5.05258
96	7	apartment	10.9274
96	8	moved	7.97991
96	9	to	1.59071
96	10	a	2.61243
96	11	different	5.58354
96	12	city	4.68518
97	1	The	1.90057
97	2	girl	10.5541
97	3	made	6.14295
97	4	a	1.43604
97	5	new	3.9646
97	6	blanket	8.41972
97	7	lost	9.86908
97	8	it	8.70538
97	9	during	5.04589
97	10	the	0.798286
97	11	trip	6.93205
98	1	The	1.81713
98	2	girl	10.6075
98	3	who	2.53791
98	4	was	2.89338
98	5	made	6.30883
98	6	a	3.94968
98	7	new	4.29555
98	8	blanket	8.9681
98	9	lost	8.91365
98	10	it	4.39104
98	11	during	5.09851
98	12	the	0.831843
98	13	trip	6.64004
99	1	The	1.90547
99	2	girl	10.6709
99	3	given	8.25465
99	4	a	2.12761
99	5	new	4.10502
99	6	blanket	8.84743
99	7	lost	8.07276
99	8	it	4.89137
99	9	during	4.93081
99	10	the	0.82132
99	11	trip	6.73013
100	1	The	1.94743
100	2	girl	10.6854
100	3	who	3.51824
100	4	was	2.91845
100	5	given	5.20848
100	6	a	1.74695
100	7	new	4.03336
100	8	blanket	8.77938
100	9	lost	8.20128
100	10	it	4.6064
100	11	during	5.2648
100	12	the	0.877881
100	13	trip	6.58766
101	1	The	1.95379
101	2	airplane	11.2574
101	3	landed	8.18264
101	4	in	1.45174
101	5	the	1.72818
101	6	mountains	6.39748
101	7	broke	12.7558
101	8	down	3.0674
101	9	during	4.53118
101	10	the	0.899172
101	11	ice	9.96693
101	12	storm	7.21574
102	1	The	1.90129
102	2	airplane	11.3963
102	3	that	13.1894
102	4	was	3.17041
102	5	landed	10.0512
102	6	in	1.03601
102	7	the	1.75409
102	8	mountains	6.73178
102	9	broke	13.1083
102	10	down	3.2922
103	1	The	1.98693
103	2	airplane	11.3351
103	3	flown	11.649
103	4	in	2.89853
103	5	the	2.24922
103	6	mountains	7.68774
103	7	broke	12.5013
103	8	down	4.4659
103	9	during	4.54306
103	10	the	0.752697
103	11	ice	10.2108
103	12	storm	7.14297
104	1	The	1.92638
104	2	airplane	11.3139
104	3	that	10.8779
104	4	was	2.9575
104	5	flown	7.78194
104	6	in	2.29989
104	7	the	1.92302
104	8	mountains	7.77251
104	9	broke	11.3518
104	10	down	3.0723
104	11	during	4.71904
104	12	the	0.84647
104	13	ice	9.90052
104	14	storm	7.12778
105	1	The	1.91627
105	2	child	9.72154
105	3	carried	8.8213
105	4	down	5.74
105	5	the	1.68967
105	6	hall	8.45227
105	7	yelled	14.7981
105	8	at	3.23215
105	9	the	1.27012
105	10	top	6.27175
105	11	of	1.66238
105	12	his	3.0575
105	13	lungs	7.94939
106	1	The	1.93196
106	2	child	9.64162
106	3	that	6.4181
106	4	was	3.34355
106	5	carried	6.70083
106	6	down	5.1028
106	7	the	3.39425
106	8	hall	5.4407
106	9	yelled	10.8135
106	10	at	3.4723
106	11	the	1.32982
106	12	top	5.62405
106	13	of	1.56523
106	14	his	2.95973
106	15	lungs	8.0649
107	1	The	1.79527
107	2	child	9.66639
107	3	borne	13.2249
107	4	down	5.30606
107	5	the	1.62638
107	6	hall	8.22939
107	7	yelled	12.3077
107	8	at	3.55697
107	9	the	1.19028
107	10	top	6.01108
107	11	of	1.29014
107	12	his	3.07036
107	13	lungs	8.19017
108	1	The	1.91016
108	2	child	9.72162
108	3	that	6.66898
108	4	was	3.39697
108	5	borne	10.4268
108	6	down	5.01681
108	7	the	3.4208
108	8	hall	5.57629
108	9	yelled	10.9604
108	10	at	3.61293
108	11	the	1.24891
108	12	top	5.84452
108	13	of	1.47516
108	14	his	3.08365
108	15	lungs	8.31159
