sentence_id	token_id	token	surprisal
1	1	The	1.83831
1	2	woman	8.60226
1	3	brought	7.27428
1	4	the	2.02403
1	5	sandwich	10.0331
1	6	from	3.52344
1	7	the	1.35007
1	8	kitchen	5.25486
1	9	fell	13.9903
1	10	in	3.20182
1	11	the	1.76188
1	12	dining	7.6984
1	13	room	0.696363
2	1	The	1.8586
2	2	woman	8.49569
2	3	who	11.3181
2	4	was	4.52854
2	5	brought	5.59155
2	6	the	4.19283
2	7	sandwich	10.2892
2	8	from	3.72353
2	9	the	1.27672
2	10	kitchen	5.54844
2	11	fell	14.4767
2	12	in	3.1273
2	13	the	1.68624
2	14	dining	7.81905
2	15	room	0.721863
3	1	The	1.90344
3	2	woman	8.45352
3	3	given	9.55848
3	4	the	1.98295
3	5	sandwich	10.4534
3	6	from	5.4825
3	7	the	1.09482
3	8	kitchen	6.03128
3	9	fell	7.92302
3	10	in	2.83537
3	11	the	1.58432
3	12	dining	7.83826
3	13	room	0.73611
4	1	The	1.88362
4	2	woman	8.19081
4	3	who	2.31175
4	4	was	2.86459
4	5	given	5.24509
4	6	the	1.98167
4	7	sandwich	10.3861
4	8	from	5.42703
4	9	the	1.1577
4	10	kitchen	6.01776
4	11	fell	7.55147
4	12	in	2.86718
4	13	the	1.56002
4	14	dining	7.79071
4	15	room	0.691129
5	1	The	1.89687
5	2	convict	13.1479
5	3	walked	8.1539
5	4	into	2.01522
5	5	the	1.02938
5	6	dark	6.00838
5	7	cell	9.12356
5	8	tried	15.166
5	9	to	1.73523
5	10	escape	5.14958
5	11	but	7.94437
5	12	failed	11.5122
6	1	The	1.91297
6	2	convict	12.8422
6	3	who	3.92056
6	4	was	2.78953
6	5	walked	11.1154
6	6	into	2.05155
6	7	the	0.826859
6	8	dark	6.40139
6	9	cell	9.41922
6	10	tried	7.8388
6	11	to	0.223628
6	12	escape	5.2973
6	13	but	8.40014
6	14	failed	9.12339
7	1	The	1.93205
7	2	convict	12.9527
7	3	taken	9.49393
7	4	into	2.89073
7	5	the	0.879483
7	6	dark	7.64444
7	7	cell	9.47982
7	8	tried	7.47405
7	9	to	0.169629
7	10	escape	5.27718
7	11	but	6.91907
7	12	failed	10.4227
8	1	The	1.83364
8	2	convict	13.0695
8	3	who	13.171
8	4	was	3.36292
8	5	taken	5.53015
8	6	into	2.76667
8	7	the	1.40358
8	8	dark	7.19058
8	9	cell	8.77077
8	10	tried	14.9537
8	11	to	1.4259
8	12	escape	5.04
8	13	but	9.84204
8	14	failed	9.96427
9	1	The	1.95177
9	2	prisoners	11.9649
9	3	hit	7.65858
9	4	for	6.81005
9	5	hours	5.35909
9	6	and	1.55455
9	7	hours	3.64171
9	8	confessed	13.9413
9	9	to	0.924089
9	10	crimes	7.34098
9	11	they	13.3318
9	12	never	6.16535
9	13	committed	7.10572
10	1	The	1.9692
10	2	prisoners	11.8195
10	3	who	4.18134
10	4	were	3.21575
10	5	hit	6.81723
10	6	for	4.92439
10	7	hours	5.4034
10	8	and	4.42911
10	9	hours	1.70306
10	10	confessed	11.0682
10	11	to	0.81404
10	12	crimes	7.33633
10	13	they	14.4958
10	14	never	6.69625
10	15	committed	6.81368
11	1	The	1.77476
11	2	prisoners	11.8475
11	3	beaten	11.1338
11	4	for	6.81813
11	5	hours	5.84931
11	6	and	4.419
11	7	hours	2.02276
11	8	confessed	13.6678
11	9	to	2.3312
11	10	crimes	7.45204
11	11	they	4.66786
11	12	never	4.87323
11	13	committed	7.32602
12	1	The	2.02092
12	2	prisoners	11.8315
12	3	who	3.77589
12	4	were	3.22017
12	5	beaten	7.01629
12	6	for	4.65659
12	7	hours	5.55275
12	8	and	5.07791
12	9	hours	2.05233
12	10	confessed	10.9082
12	11	to	0.97512
12	12	crimes	7.55555
12	13	they	5.31041
12	14	never	4.41257
12	15	committed	7.33438
13	1	The	1.85035
13	2	business	7.81999
13	3	expanded	8.24969
13	4	into	5.65345
13	5	an	4.03672
13	6	empire	5.8725
13	7	was	11.427
13	8	sold	3.67423
13	9	for	2.80402
13	10	billions	9.27446
13	11	of	0.583948
13	12	dollars	0.0380635
14	1	The	1.97841
14	2	business	7.80254
14	3	that	11.2441
14	4	was	3.65722
14	5	expanded	9.89186
14	6	into	5.75875
14	7	an	4.29555
14	8	empire	5.92467
14	9	was	3.51688
14	10	sold	5.40189
14	11	for	2.92357
14	12	billions	8.80288
14	13	of	0.379655
14	14	dollars	0.0388345
15	1	The	1.83589
15	2	business	7.93284
15	3	grown	15.9749
15	4	into	4.7919
15	5	an	3.57747
15	6	empire	6.82309
15	7	was	11.5679
15	8	sold	4.13176
15	9	for	2.81226
15	10	billions	8.88268
15	11	of	1.13646
15	12	dollars	0.0276737
16	1	The	2.03478
16	2	business	7.89518
16	3	that	13.9489
16	4	was	3.34903
16	5	grown	9.67391
16	6	into	5.02395
16	7	an	3.99151
16	8	empire	7.06306
16	9	was	12.1033
16	10	sold	4.02941
16	11	for	2.84829
16	12	billions	8.63068
16	13	of	0.633552
16	14	dollars	0.0300006
17	1	The	1.88325
17	2	mice	11.4833
17	3	consumed	9.0897
17	4	rapidly	9.45413
17	5	and	1.15213
17	6	entirely	10.2495
17	7	were	5.54558
17	8	carrying	7.49793
17	9	a	2.78289
17	10	rare	6.7108
17	11	bacteria	7.85371
18	1	The	1.86256
18	2	mice	11.5717
18	3	that	5.3538
18	4	were	3.8581
18	5	consumed	6.10278
18	6	rapidly	10.4947
18	7	and	3.6468
18	8	entirely	5.6477
18	9	were	5.04924
18	10	carrying	7.26743
18	11	a	2.06819
18	12	rare	6.08283
18	13	bacteria	8.1464
19	1	The	1.97192
19	2	mice	11.7812
19	3	consumed	9.21438
19	4	rapidly	10.5787
19	5	and	4.03709
19	6	entirely	11.4948
19	7	were	9.07567
19	8	carrying	8.5358
19	9	a	2.96527
19	10	rare	6.53429
19	11	bacteria	7.69691
20	1	The	1.78294
20	2	mice	11.5973
20	3	that	4.69231
20	4	were	3.7267
20	5	consumed	5.95397
20	6	rapidly	11.4482
20	7	and	2.76867
20	8	entirely	10.7828
20	9	were	5.92201
20	10	carrying	7.22769
20	11	a	2.2626
20	12	rare	6.06081
20	13	bacteria	8.11649
21	1	The	2.14684
21	2	lawyer	8.1636
21	3	pledged	9.6439
21	4	to	0.471562
21	5	keep	4.95332
21	6	silent	9.51428
21	7	was	12.2382
21	8	discovered	7.62808
21	9	to	2.69737
21	10	have	2.66269
21	11	broken	5.63004
21	12	his	3.84813
21	13	promise	7.32171
22	1	The	1.88073
22	2	lawyer	8.27216
22	3	that	10.7659
22	4	was	3.135
22	5	pledged	10.2561
22	6	to	0.398722
22	7	keep	5.18042
22	8	silent	13.415
22	9	was	5.12507
22	10	discovered	7.93924
22	11	to	1.71744
22	12	have	1.99683
22	13	broken	6.52693
22	14	his	3.94577
22	15	promise	7.30191
23	1	The	1.9614
23	2	lawyer	8.19711
23	3	committed	11.1179
23	4	to	1.64005
23	5	keep	5.45551
23	6	silent	13.2187
23	7	was	14.403
23	8	discovered	9.74755
23	9	to	3.02087
23	10	have	3.07055
23	11	broken	5.64339
23	12	his	3.40117
23	13	promise	7.54511
24	1	The	2.04995
24	2	lawyer	8.17095
24	3	who	3.91777
24	4	was	3.02208
24	5	committed	8.01598
24	6	to	0.116692
24	7	keep	6.79333
24	8	silent	13.6228
24	9	was	5.06565
24	10	discovered	8.16437
24	11	to	1.3772
24	12	have	2.04243
24	13	broken	6.44841
24	14	his	2.94658
24	15	promise	7.4545
25	1	The	1.8
25	2	child	9.65578
25	3	kicked	10.0213
25	4	in	1.69339
25	5	the	2.3639
25	6	chaos	9.89946
25	7	found	7.56423
25	8	her	6.99195
25	9	way	6.8982
25	10	back	6.26305
25	11	home	7.01965
26	1	The	1.84713
26	2	child	9.58754
26	3	who	14.1563
26	4	was	4.41715
26	5	kicked	8.07154
26	6	in	1.94444
26	7	the	3.30912
26	8	chaos	10.3992
26	9	found	6.87948
26	10	her	7.30181
26	11	way	7.44811
26	12	back	6.89716
26	13	home	7.63762
27	1	The	1.93812
27	2	child	9.6985
27	3	forgotten	12.4583
27	4	in	3.77965
27	5	the	1.35593
27	6	chaos	9.41527
27	7	found	15.8553
27	8	her	6.11309
27	9	way	5.67549
27	10	back	7.54176
27	11	home	9.18576
28	1	The	1.91457
28	2	child	9.74769
28	3	who	13.8674
28	4	was	4.22135
28	5	forgotten	9.05638
28	6	in	2.43082
28	7	the	1.32822
28	8	chaos	8.59088
28	9	found	6.6287
28	10	her	10.2324
28	11	way	6.22192
28	12	back	8.8149
28	13	home	9.04804
29	1	The	2.06714
29	2	horses	12.08
29	3	UNK-LC-ed	8.91637
29	4	past	8.09549
29	5	the	1.14062
29	6	barn	8.99347
29	7	fell	7.29169
29	8	into	3.66667
29	9	a	1.98635
29	10	swamp	9.32568
30	1	The	1.9911
30	2	horses	12.067
30	3	that	4.79738
30	4	were	3.3601
30	5	UNK-LC-ed	6.54879
30	6	past	7.98873
30	7	the	1.29099
30	8	barn	8.82585
30	9	fell	6.51838
30	10	into	3.92311
30	11	a	1.98995
30	12	swamp	9.30793
31	1	The	1.88849
31	2	horses	12.083
31	3	taken	9.57777
31	4	past	9.86204
31	5	the	3.31875
31	6	barn	9.60106
31	7	fell	10.7313
31	8	into	3.919
31	9	a	1.89265
31	10	swamp	9.21305
32	1	The	1.95902
32	2	horses	12.0625
32	3	that	4.7956
32	4	were	3.33546
32	5	taken	5.08604
32	6	past	7.4291
32	7	the	1.29636
32	8	barn	9.05287
32	9	fell	6.73559
32	10	into	3.74969
32	11	a	1.95439
32	12	swamp	9.36126
33	1	The	1.94535
33	2	artist	9.88879
33	3	painted	9.22005
33	4	a	1.35079
33	5	impressionist	12.1844
33	6	portrait	5.61489
33	7	was	10.2125
33	8	impressed	9.45825
33	9	with	1.20092
33	10	the	1.24202
33	11	work	7.64097
34	1	The	1.90536
34	2	artist	10.0826
34	3	who	13.9349
34	4	was	5.04697
34	5	painted	7.83948
34	6	a	4.14739
34	7	impressionist	12.4607
34	8	portrait	5.6323
34	9	was	11.5315
34	10	impressed	9.03778
34	11	with	1.36223
34	12	the	1.14116
34	13	work	7.6255
35	1	The	1.90259
35	2	artist	10.1422
35	3	drawn	12.0393
35	4	a	2.05214
35	5	impressionist	12.8276
35	6	portrait	5.90542
35	7	was	8.65238
35	8	impressed	8.7553
35	9	with	1.14893
35	10	the	1.14524
35	11	work	7.76391
36	1	The	1.97343
36	2	artist	10.1275
36	3	who	13.7928
36	4	was	3.40553
36	5	drawn	6.65971
36	6	a	6.39617
36	7	impressionist	13.4701
36	8	portrait	6.01459
36	9	was	9.11636
36	10	impressed	8.85791
36	11	with	1.46125
36	12	the	1.13174
36	13	work	7.5327
37	1	The	1.82978
37	2	car	7.85883
37	3	steered	14.0179
37	4	into	2.68597
37	5	the	1.52586
37	6	parking	9.1829
37	7	lot	2.94945
37	8	crashed	17.7368
37	9	into	4.90964
37	10	a	2.19951
37	11	concrete	8.27699
37	12	wall	5.82781
38	1	The	1.65356
38	2	car	7.97246
38	3	that	12.8779
38	4	was	3.83304
38	5	steered	12.2324
38	6	into	1.599
38	7	the	1.5199
38	8	parking	9.24875
38	9	lot	3.08053
38	10	crashed	17.3669
38	11	into	4.12133
38	12	a	2.21168
38	13	concrete	8.54188
38	14	wall	5.26766
39	1	The	1.96137
39	2	car	7.96827
39	3	driven	11.1139
39	4	into	3.48247
39	5	the	1.30789
39	6	parking	8.84124
39	7	lot	3.0769
39	8	crashed	10.3949
39	9	into	3.78976
39	10	a	2.12968
39	11	concrete	8.34528
39	12	wall	4.9025
40	1	The	1.89839
40	2	car	7.89015
40	3	that	13.2452
40	4	was	3.02041
40	5	driven	7.08745
40	6	into	3.79183
40	7	the	1.42874
40	8	parking	9.12094
40	9	lot	2.82611
40	10	crashed	17.0156
40	11	into	4.87307
40	12	a	2.49746
40	13	concrete	8.06981
40	14	wall	5.13901
41	1	The	1.88805
41	2	campaign	7.00136
41	3	intended	10.5036
41	4	to	0.097309
41	5	be	3.6331
41	6	very	6.23792
41	7	popular	4.50863
41	8	was	12.9964
41	9	still	9.23885
41	10	unsuccessful	7.49012
42	1	The	1.90471
42	2	campaign	7.01378
42	3	that	4.61815
42	4	was	2.60919
42	5	intended	5.77209
42	6	to	0.235052
42	7	be	3.35236
42	8	very	7.23236
42	9	popular	4.40547
42	10	was	2.25853
42	11	still	5.28893
42	12	unsuccessful	7.68052
43	1	The	1.98529
43	2	campaign	7.01587
43	3	known	10.078
43	4	to	2.50198
43	5	be	0.811156
43	6	very	6.48924
43	7	popular	4.4256
43	8	was	2.69112
43	9	still	5.38837
43	10	unsuccessful	7.74842
44	1	The	1.88997
44	2	campaign	7.02528
44	3	that	12.049
44	4	was	8.64657
44	5	known	7.80781
44	6	to	2.58231
44	7	be	0.972344
44	8	very	6.54259
44	9	popular	4.49833
44	10	was	3.38507
44	11	still	6.54542
44	12	unsuccessful	7.58275
45	1	The	1.85155
45	2	student	9.25944
45	3	composed	11.9108
45	4	a	2.44343
45	5	carefully	8.41222
45	6	worded	4.78042
45	7	excuse	10.2523
45	8	forgot	16.1252
45	9	to	1.57958
45	10	give	5.13915
45	11	it	3.60035
45	12	to	2.93566
45	13	the	1.20393
45	14	teacher	7.61001
46	1	The	1.93632
46	2	student	9.3137
46	3	who	4.60852
46	4	was	2.95315
46	5	composed	9.32428
46	6	a	6.73321
46	7	carefully	10.0033
46	8	worded	5.01206
46	9	excuse	11.016
46	10	forgot	9.6241
46	11	to	1.24095
46	12	give	5.04294
46	13	it	3.12221
46	14	to	2.61089
46	15	the	1.51183
46	16	teacher	7.5625
47	1	The	2.04636
47	2	student	9.3289
47	3	written	10.4005
47	4	a	1.76278
47	5	carefully	9.41284
47	6	worded	4.03821
47	7	excuse	10.6193
47	8	forgot	13.8629
47	9	to	1.76614
47	10	give	5.28994
47	11	it	3.48107
47	12	to	2.60896
47	13	the	1.14055
47	14	teacher	7.76719
48	1	The	1.7839
48	2	student	9.2615
48	3	who	10.7507
48	4	was	2.71754
48	5	written	7.14769
48	6	a	6.1307
48	7	carefully	8.72421
48	8	worded	4.52675
48	9	excuse	11.0844
48	10	forgot	14.0047
48	11	to	1.78713
48	12	give	5.42086
48	13	it	3.5737
48	14	to	2.16728
48	15	the	1.28515
48	16	teacher	7.63387
49	1	The	1.96405
49	2	television	8.77802
49	3	show	3.78949
49	4	started	6.39122
49	5	three	5.83631
49	6	weeks	2.14583
49	7	ago	0.787192
49	8	was	9.58239
49	9	canceled	6.7882
49	10	immediately	7.55341
50	1	The	1.9345
50	2	television	8.70219
50	3	show	3.83508
50	4	that	11.9915
50	5	was	3.48013
50	6	started	7.37712
50	7	three	6.45628
50	8	weeks	2.22979
50	9	ago	0.72837
50	10	was	13.9765
50	11	canceled	7.64264
50	12	immediately	7.54472
51	1	The	1.92233
51	2	television	8.7911
51	3	show	3.78996
51	4	begun	11.6988
51	5	three	6.04441
51	6	weeks	2.1558
51	7	ago	0.185808
51	8	was	10.8672
51	9	canceled	7.28323
51	10	immediately	7.51875
52	1	The	1.88026
52	2	television	8.73921
52	3	show	3.81752
52	4	that	10.8066
52	5	was	5.19592
52	6	begun	9.0371
52	7	three	6.90504
52	8	weeks	1.65698
52	9	ago	0.102445
52	10	was	10.2064
52	11	canceled	6.40416
52	12	immediately	8.58588
53	1	The	1.86351
53	2	boys	9.78552
53	3	performed	8.08135
53	4	an	4.96385
53	5	unsolicited	7.55051
53	6	favor	11.2605
53	7	appreciated	17.0472
53	8	the	4.50145
53	9	person	9.56502
53	10	who	11.3523
53	11	helped	7.58225
53	12	them	5.19942
54	1	The	1.97793
54	2	boys	9.79963
54	3	who	3.22506
54	4	were	3.17883
54	5	performed	9.39892
54	6	an	8.61687
54	7	unsolicited	8.56909
54	8	favor	10.7623
54	9	appreciated	12.14
54	10	the	2.00392
54	11	person	9.59437
54	12	who	1.7008
54	13	helped	5.35308
54	14	them	3.80341
55	1	The	1.83759
55	2	boys	9.84725
55	3	done	10.3821
55	4	an	4.97936
55	5	unsolicited	7.60123
55	6	favor	11.6255
55	7	appreciated	17.5908
55	8	the	4.19485
55	9	person	9.93995
55	10	who	8.56142
55	11	helped	10.9639
55	12	them	4.77039
56	1	The	1.70911
56	2	boys	9.85533
56	3	who	2.66547
56	4	were	3.18566
56	5	done	8.97175
56	6	an	8.85205
56	7	unsolicited	7.96448
56	8	favor	10.7842
56	9	appreciated	12.0582
56	10	the	2.10324
56	11	person	9.55144
56	12	who	3.03875
56	13	helped	5.29932
56	14	them	3.74622
57	1	The	1.95682
57	2	player	10.3775
57	3	tossed	10.5313
57	4	the	2.36503
57	5	baseball	7.95816
57	6	dropped	13.1367
57	7	it	7.31361
57	8	on	4.31979
57	9	the	1.25997
57	10	ground	4.73563
58	1	The	2.02044
58	2	player	10.22
58	3	who	4.64471
58	4	was	3.12018
58	5	tossed	7.99642
58	6	the	3.65872
58	7	baseball	7.71424
58	8	dropped	12.6481
58	9	it	4.17751
58	10	on	4.25479
58	11	the	1.3569
58	12	ground	4.40723
59	1	The	1.88069
59	2	player	10.4807
59	3	thrown	11.3216
59	4	the	2.43147
59	5	baseball	8.46635
59	6	dropped	18.5532
59	7	it	10.6092
59	8	on	4.41828
59	9	the	1.10293
59	10	ground	4.72156
60	1	The	2.02098
60	2	player	10.5138
60	3	who	4.64473
60	4	was	3.17383
60	5	thrown	6.95605
60	6	the	5.00685
60	7	baseball	8.14946
60	8	dropped	12.7416
60	9	it	4.02575
60	10	on	4.20109
60	11	the	1.16869
60	12	ground	4.49926
61	1	The	1.79887
61	2	child	9.61053
61	3	jumped	9.38102
61	4	past	8.10632
61	5	the	1.6016
61	6	swings	13.21
61	7	was	13.6203
61	8	upset	10.542
61	9	about	6.73647
61	10	it	5.5806
62	1	The	1.8396
62	2	child	9.64373
62	3	who	3.38732
62	4	was	3.37867
62	5	jumped	12.0332
62	6	past	8.02145
62	7	the	1.29201
62	8	swings	13.1152
62	9	was	3.01393
62	10	upset	7.93981
62	11	about	2.10288
62	12	it	6.18185
63	1	The	1.79494
63	2	child	9.67467
63	3	led	9.01252
63	4	past	9.24323
63	5	the	3.38956
63	6	swings	12.7891
63	7	was	14.6382
63	8	upset	10.0359
63	9	about	3.94107
63	10	it	5.88981
64	1	The	2.05151
64	2	child	9.66839
64	3	who	4.74356
64	4	was	3.41245
64	5	led	8.83829
64	6	past	10.9926
64	7	the	1.41946
64	8	swings	13.9997
64	9	was	1.90014
64	10	upset	7.19323
64	11	about	1.63964
64	12	it	5.64582
65	1	The	1.91516
65	2	students	8.1541
65	3	prepared	9.41767
65	4	a	2.32692
65	5	fancy	8.89227
65	6	dinner	6.2241
65	7	ate	14.2466
65	8	the	3.13893
65	9	meal	9.41505
65	10	quickly	9.24505
66	1	The	1.86321
66	2	students	8.13906
66	3	who	3.85924
66	4	were	3.7962
66	5	prepared	7.84048
66	6	a	7.18347
66	7	fancy	8.42509
66	8	dinner	5.82311
66	9	ate	8.84039
66	10	the	1.9474
66	11	meal	9.16555
66	12	quickly	8.06234
67	1	The	1.88558
67	2	students	8.33379
67	3	gotten	14.4419
67	4	a	3.03705
67	5	fancy	7.46013
67	6	dinner	6.42669
67	7	ate	14.3469
67	8	the	3.03393
67	9	meal	9.08959
67	10	quickly	8.4862
68	1	The	1.91263
68	2	students	8.17424
68	3	who	4.61238
68	4	were	3.7007
68	5	gotten	11.1352
68	6	a	3.2814
68	7	fancy	7.10083
68	8	dinner	6.30463
68	9	ate	9.06504
68	10	the	1.96034
68	11	meal	9.16914
68	12	quickly	14.3814
69	1	The	1.94772
69	2	infant	11.2216
69	3	fed	12.2438
69	4	during	8.79301
69	5	the	1.06112
69	6	night	5.7877
69	7	yelled	15.6309
69	8	intensely	14.5894
70	1	The	1.76049
70	2	infant	11.1361
70	3	that	14.4085
70	4	was	2.83814
70	5	fed	8.30938
70	6	during	6.12105
70	7	the	0.795885
70	8	night	6.15703
70	9	yelled	16.5498
70	10	intensely	12.4979
71	1	The	1.89486
71	2	infant	11.1192
71	3	aroused	13.6913
71	4	during	8.13984
71	5	the	1.39522
71	6	night	5.80428
71	7	yelled	13.3742
71	8	intensely	11.3249
72	1	The	1.7421
72	2	infant	11.1361
72	3	that	14.3918
72	4	was	3.55223
72	5	aroused	9.78405
72	6	during	4.82618
72	7	the	0.815289
72	8	night	6.11502
72	9	yelled	15.507
72	10	intensely	14.799
73	1	The	1.8523
73	2	refugee	12.443
73	3	sheltered	13.8105
73	4	in	6.04399
73	5	the	1.28198
73	6	basement	8.08515
73	7	departed	15.1779
73	8	during	7.90801
73	9	the	0.803195
73	10	night	5.99237
74	1	The	1.84766
74	2	refugee	12.4203
74	3	who	15.007
74	4	was	3.37215
74	5	sheltered	10.7627
74	6	in	2.591
74	7	the	1.36941
74	8	basement	7.851
74	9	departed	14.5292
74	10	during	5.50775
74	11	the	0.704442
74	12	night	6.08878
75	1	The	1.94289
75	2	refugee	12.4296
75	3	hidden	14.7927
75	4	in	5.06908
75	5	the	1.48135
75	6	basement	7.17106
75	7	departed	15.1575
75	8	during	5.82362
75	9	the	1.05099
75	10	night	5.87418
76	1	The	1.84475
76	2	refugee	12.4736
76	3	who	15.3705
76	4	was	3.56557
76	5	hidden	10.0415
76	6	in	1.36161
76	7	the	1.50195
76	8	basement	6.79011
76	9	departed	14.7963
76	10	during	6.18976
76	11	the	0.761962
76	12	night	6.0503
77	1	The	1.83291
77	2	dog	10.9654
77	3	walked	8.79112
77	4	on	3.77446
77	5	the	0.932406
77	6	beach	5.37645
77	7	UNK-LC-ed	9.9668
77	8	after	5.34978
77	9	a	1.54402
77	10	bird	8.26001
78	1	The	1.81787
78	2	dog	10.9381
78	3	that	6.2012
78	4	was	3.05919
78	5	walked	9.7368
78	6	on	3.16958
78	7	the	0.820836
78	8	beach	5.25902
78	9	UNK-LC-ed	8.48003
78	10	after	6.51057
78	11	a	1.5296
78	12	bird	8.42029
79	1	The	1.87218
79	2	dog	11.0744
79	3	seen	12.0094
79	4	on	6.11546
79	5	the	1.38418
79	6	beach	5.87909
79	7	UNK-LC-ed	11.6304
79	8	after	6.54435
79	9	a	2.05405
79	10	bird	8.37301
80	1	The	1.97742
80	2	dog	11.1101
80	3	that	9.76544
80	4	was	3.9977
80	5	seen	6.06366
80	6	on	5.04017
80	7	the	1.02159
80	8	beach	6.15943
80	9	UNK-LC-ed	9.06185
80	10	after	6.25125
80	11	a	1.69549
80	12	bird	7.95189
81	1	The	1.96084
81	2	ship	9.3234
81	3	steered	12.321
81	4	off	4.7544
81	5	course	9.36543
81	6	sank	16.6518
81	7	in	3.11426
81	8	the	1.3142
81	9	storm	8.38098
82	1	The	1.91624
82	2	ship	9.23856
82	3	that	4.61716
82	4	was	2.52126
82	5	steered	11.0962
82	6	off	4.234
82	7	course	10.7042
82	8	sank	10.1711
82	9	in	2.72171
82	10	the	1.40817
82	11	storm	8.63015
83	1	The	1.80548
83	2	ship	9.41132
83	3	blown	13.1391
83	4	off	3.54726
83	5	course	8.86986
83	6	sank	16.322
83	7	in	2.60998
83	8	the	1.36438
83	9	storm	7.85539
84	1	The	1.85317
84	2	ship	9.40893
84	3	that	12.7415
84	4	was	2.83591
84	5	blown	8.57514
84	6	off	3.37057
84	7	course	10.5273
84	8	sank	16.3342
84	9	in	2.36333
84	10	the	1.32446
84	11	storm	7.75273
85	1	The	1.85452
85	2	fans	10.4422
85	3	cheered	8.63338
85	4	at	4.68491
85	5	the	0.908205
85	6	concert	6.94839
85	7	took	7.61328
85	8	photos	8.9605
85	9	with	3.47017
85	10	their	3.95207
85	11	phones	8.44782
86	1	The	1.90178
86	2	fans	10.3888
86	3	that	8.35873
86	4	were	3.5568
86	5	cheered	7.41796
86	6	at	5.16384
86	7	the	0.869282
86	8	concert	6.65615
86	9	took	6.88074
86	10	photos	9.06996
86	11	with	3.89097
86	12	their	3.94103
86	13	phones	8.55641
87	1	The	1.88312
87	2	fans	10.3361
87	3	UNK-LC-ed	8.49168
87	4	at	4.26303
87	5	the	1.33196
87	6	concert	6.66118
87	7	took	16.0474
87	8	photos	9.56454
87	9	with	3.73117
87	10	their	3.8221
87	11	phones	8.42085
88	1	The	1.8569
88	2	fans	10.3996
88	3	that	12.2363
88	4	were	4.69195
88	5	UNK-LC-ed	7.19244
88	6	at	3.7349
88	7	the	1.35087
88	8	concert	6.83837
88	9	took	16.5355
88	10	photos	9.7056
88	11	with	4.4691
88	12	their	3.79684
88	13	phones	8.7059
89	1	The	1.9455
89	2	boat	10.3798
89	3	steered	11.7403
89	4	to	2.51513
89	5	the	1.14596
89	6	sea	5.98249
89	7	disappeared	15.0719
89	8	in	3.45987
89	9	the	1.67921
89	10	storm	8.50523
90	1	The	1.81093
90	2	boat	10.2661
90	3	that	4.65681
90	4	was	2.54304
90	5	steered	11.0351
90	6	in	2.41842
90	7	the	1.2111
90	8	sea	7.07855
90	9	disappeared	9.43389
90	10	in	2.09682
90	11	the	1.50905
90	12	storm	8.16847
91	1	The	1.96391
91	2	boat	10.2504
91	3	sunk	12.1493
91	4	in	2.70455
91	5	the	1.60911
91	6	sea	6.77863
91	7	disappeared	15.0362
91	8	in	2.79019
91	9	the	1.32221
91	10	storm	8.01574
92	1	The	1.9649
92	2	boat	10.2879
92	3	that	13.2682
92	4	was	3.25575
92	5	sunk	10.1124
92	6	in	2.44914
92	7	the	1.7095
92	8	sea	6.84429
92	9	disappeared	14.7534
92	10	in	2.55086
92	11	the	1.18257
92	12	storm	7.52704
93	1	The	1.81131
93	2	couple	8.51164
93	3	bought	7.33772
93	4	the	2.01631
93	5	apartment	7.40021
93	6	moved	17.4486
93	7	to	4.67686
93	8	a	2.83635
93	9	different	6.71349
93	10	city	4.63845
94	1	The	1.90201
94	2	couple	8.52794
94	3	that	8.69382
94	4	was	2.29698
94	5	bought	7.514
94	6	the	4.82325
94	7	apartment	8.79901
94	8	moved	12.9937
94	9	to	1.62844
94	10	a	2.3998
94	11	different	6.72951
94	12	city	4.31767
95	1	The	1.97433
95	2	couple	8.53431
95	3	shown	9.48396
95	4	the	2.28159
95	5	apartment	10.6453
95	6	moved	9.20903
95	7	to	1.84504
95	8	a	2.13174
95	9	different	5.79283
95	10	city	4.76986
96	1	The	1.94287
96	2	couple	8.56463
96	3	that	8.67045
96	4	was	2.15779
96	5	shown	7.26498
96	6	the	4.57683
96	7	apartment	10.0311
96	8	moved	8.0086
96	9	to	1.64624
96	10	a	2.48241
96	11	different	5.93499
96	12	city	4.95249
97	1	The	1.92446
97	2	girl	10.541
97	3	made	6.34948
97	4	a	1.49512
97	5	new	3.87008
97	6	blanket	8.41858
97	7	lost	10.1115
97	8	it	7.83697
97	9	during	5.05352
97	10	the	0.863378
97	11	trip	6.93557
98	1	The	1.90708
98	2	girl	10.6842
98	3	who	3.2306
98	4	was	2.86407
98	5	made	6.08538
98	6	a	3.83984
98	7	new	4.40423
98	8	blanket	9.12752
98	9	lost	7.99166
98	10	it	4.47098
98	11	during	5.39653
98	12	the	0.8895
98	13	trip	6.62648
99	1	The	1.81696
99	2	girl	10.7265
99	3	given	11.5311
99	4	a	1.72982
99	5	new	4.31395
99	6	blanket	8.823
99	7	lost	9.43007
99	8	it	9.06145
99	9	during	5.02027
99	10	the	0.837372
99	11	trip	6.92603
100	1	The	2.02214
100	2	girl	10.5897
100	3	who	2.82514
100	4	was	2.85166
100	5	given	5.42485
100	6	a	1.66688
100	7	new	4.05942
100	8	blanket	8.80729
100	9	lost	7.85553
100	10	it	4.71846
100	11	during	4.94493
100	12	the	0.905716
100	13	trip	6.57908
101	1	The	1.88847
101	2	airplane	11.4331
101	3	landed	8.32524
101	4	in	1.29699
101	5	the	1.66603
101	6	mountains	6.52904
101	7	broke	12.187
101	8	down	2.86407
101	9	during	4.82926
101	10	the	0.826714
101	11	ice	10.0615
101	12	storm	7.5734
102	1	The	1.96993
102	2	airplane	11.3526
102	3	that	13.2968
102	4	was	3.08772
102	5	landed	10.1413
102	6	in	0.954278
102	7	the	1.78158
102	8	mountains	6.7902
102	9	broke	13.2148
102	10	down	3.10675
103	1	The	1.78587
103	2	airplane	11.3838
103	3	flown	11.0636
103	4	in	2.58709
103	5	the	1.64823
103	6	mountains	7.79825
103	7	broke	7.02416
103	8	down	2.46232
103	9	during	4.6107
103	10	the	0.743351
103	11	ice	10.0423
103	12	storm	7.42506
104	1	The	1.84221
104	2	airplane	11.2252
104	3	that	13.0711
104	4	was	3.68769
104	5	flown	7.31203
104	6	in	2.32624
104	7	the	1.72044
104	8	mountains	7.74713
104	9	broke	12.7366
104	10	down	4.57192
104	11	during	4.96792
104	12	the	0.7122
104	13	ice	10.2009
104	14	storm	6.97669
105	1	The	1.98584
105	2	child	9.75573
105	3	carried	8.68227
105	4	down	5.85435
105	5	the	1.58348
105	6	hall	7.08561
105	7	yelled	14.7747
105	8	at	3.27405
105	9	the	1.21602
105	10	top	5.94292
105	11	of	1.05879
105	12	his	2.8867
105	13	lungs	7.80042
106	1	The	1.85139
106	2	child	9.66331
106	3	that	12.5417
106	4	was	3.94572
106	5	carried	6.81469
106	6	down	4.85265
106	7	the	1.93654
106	8	hall	5.50218
106	9	yelled	16.9392
106	10	at	3.65473
106	11	the	1.31576
106	12	top	6.48251
106	13	of	1.14481
106	14	his	3.14904
106	15	lungs	8.06944
107	1	The	2.02089
107	2	child	9.65887
107	3	borne	13.3565
107	4	down	5.45201
107	5	the	1.81978
107	6	hall	9.40147
107	7	yelled	13.533
107	8	at	2.85107
107	9	the	1.13291
107	10	top	6.25286
107	11	of	1.97311
107	12	his	2.93291
107	13	lungs	8.03317
108	1	The	1.82685
108	2	child	9.71681
108	3	that	6.75965
108	4	was	3.37455
108	5	borne	10.0295
108	6	down	4.91101
108	7	the	4.82172
108	8	hall	8.15564
108	9	yelled	11.87
108	10	at	3.35379
108	11	the	1.13312
108	12	top	6.03618
108	13	of	0.876281
108	14	his	3.06487
108	15	lungs	8.1817
