sentence_id	token_id	token	surprisal
1	1	The	2.10984
1	2	woman	8.54363
1	3	brought	7.24621
1	4	the	1.8616
1	5	sandwich	9.98257
1	6	from	3.46623
1	7	the	1.39476
1	8	kitchen	5.28756
1	9	fell	14.271
1	10	in	3.36508
1	11	the	1.76764
1	12	dining	7.69822
1	13	room	0.770264
2	1	The	1.98959
2	2	woman	8.34756
2	3	who	4.61414
2	4	was	2.85415
2	5	brought	5.95683
2	6	the	4.67945
2	7	sandwich	10.0941
2	8	from	3.787
2	9	the	1.17215
2	10	kitchen	5.48294
2	11	fell	8.2754
2	12	in	2.8316
2	13	the	1.885
2	14	dining	7.78508
2	15	room	0.70863
3	1	The	2.00546
3	2	woman	8.47901
3	3	given	8.55396
3	4	the	2.04808
3	5	sandwich	10.1095
3	6	from	5.34304
3	7	the	1.15769
3	8	kitchen	5.91305
3	9	fell	7.90742
3	10	in	3.13901
3	11	the	1.79833
3	12	dining	7.82649
3	13	room	0.730026
4	1	The	1.87405
4	2	woman	8.41526
4	3	who	2.4171
4	4	was	2.90201
4	5	given	5.32337
4	6	the	1.92357
4	7	sandwich	10.4139
4	8	from	5.04735
4	9	the	1.10863
4	10	kitchen	6.10061
4	11	fell	7.89538
4	12	in	2.90422
4	13	the	1.83479
4	14	dining	7.79122
4	15	room	0.701589
5	1	The	1.82169
5	2	convict	13.1984
5	3	walked	8.39597
5	4	into	2.10803
5	5	the	1.02196
5	6	dark	6.1826
5	7	cell	9.1702
5	8	tried	14.3403
5	9	to	0.983726
5	10	escape	4.92706
5	11	but	9.09931
5	12	failed	9.96085
6	1	The	1.96768
6	2	convict	13.078
6	3	who	12.8807
6	4	was	5.63825
6	5	walked	11.0213
6	6	into	2.10466
6	7	the	1.07559
6	8	dark	6.2251
6	9	cell	8.89696
6	10	tried	14.0582
6	11	to	1.25054
6	12	escape	4.86466
6	13	but	7.72527
6	14	failed	7.19339
7	1	The	1.92311
7	2	convict	13.0529
7	3	taken	10.079
7	4	into	3.89552
7	5	the	0.95677
7	6	dark	7.33701
7	7	cell	9.27886
7	8	tried	7.50358
7	9	to	0.2342
7	10	escape	5.30055
7	11	but	10.3639
7	12	failed	10.1355
8	1	The	1.97601
8	2	convict	12.8733
8	3	who	10.1357
8	4	was	4.81084
8	5	taken	6.01743
8	6	into	2.91173
8	7	the	1.26144
8	8	dark	7.22446
8	9	cell	9.27235
8	10	tried	15.7231
8	11	to	2.5797
8	12	escape	6.50011
8	13	but	5.88462
8	14	failed	9.60408
9	1	The	2.01197
9	2	prisoners	11.8654
9	3	hit	7.46927
9	4	for	6.24267
9	5	hours	5.30099
9	6	and	3.81643
9	7	hours	2.41668
9	8	confessed	16.0163
9	9	to	2.62243
9	10	crimes	7.73169
9	11	they	8.81435
9	12	never	7.21319
9	13	committed	8.04509
10	1	The	1.90283
10	2	prisoners	11.8465
10	3	who	14.269
10	4	were	4.71212
10	5	hit	6.25377
10	6	for	4.97485
10	7	hours	4.91314
10	8	and	2.69025
10	9	hours	4.45898
10	10	confessed	17.3863
10	11	to	3.15468
10	12	crimes	6.94805
10	13	they	4.59649
10	14	never	5.47446
10	15	committed	7.37443
11	1	The	1.88686
11	2	prisoners	11.9231
11	3	beaten	10.73
11	4	for	5.50782
11	5	hours	6.48724
11	6	and	3.92064
11	7	hours	2.80815
11	8	confessed	15.5256
11	9	to	0.619999
11	10	crimes	7.7591
11	11	they	14.3036
11	12	never	6.42559
11	13	committed	7.61127
12	1	The	1.93138
12	2	prisoners	11.8473
12	3	who	4.18134
12	4	were	3.22699
12	5	beaten	6.7414
12	6	for	4.26151
12	7	hours	5.71492
12	8	and	5.11962
12	9	hours	1.83778
12	10	confessed	10.9498
12	11	to	0.814332
12	12	crimes	7.31029
12	13	they	12.9853
12	14	never	8.87913
12	15	committed	7.22428
13	1	The	2.02744
13	2	business	7.71765
13	3	expanded	8.15335
13	4	into	5.47455
13	5	an	3.98694
13	6	empire	5.88383
13	7	was	11.6698
13	8	sold	4.24529
13	9	for	2.79939
13	10	billions	9.01237
13	11	of	0.99296
13	12	dollars	0.02847
14	1	The	1.91784
14	2	business	7.78591
14	3	that	11.1377
14	4	was	2.76248
14	5	expanded	8.78486
14	6	into	5.2858
14	7	an	4.41704
14	8	empire	6.01343
14	9	was	10.7786
14	10	sold	3.5988
14	11	for	2.83087
14	12	billions	8.79681
14	13	of	0.348841
14	14	dollars	0.0497889
15	1	The	1.89215
15	2	business	7.81873
15	3	grown	14.1414
15	4	into	4.51041
15	5	an	5.46452
15	6	empire	6.06174
15	7	was	2.81613
15	8	sold	5.20225
15	9	for	2.79185
15	10	billions	8.88035
15	11	of	0.39662
15	12	dollars	0.0357169
16	1	The	1.81783
16	2	business	7.70059
16	3	that	13.7694
16	4	was	3.78093
16	5	grown	10.0152
16	6	into	5.23025
16	7	an	4.03873
16	8	empire	6.80491
16	9	was	10.9593
16	10	sold	4.43861
16	11	for	2.90816
16	12	billions	8.51555
16	13	of	1.30882
16	14	dollars	0.0369696
17	1	The	1.89222
17	2	mice	11.4745
17	3	consumed	9.26607
17	4	rapidly	9.76974
17	5	and	1.53631
17	6	entirely	10.407
17	7	were	5.55576
17	8	carrying	7.53937
17	9	a	2.36947
17	10	rare	6.45709
17	11	bacteria	8.09447
18	1	The	1.96975
18	2	mice	11.744
18	3	that	12.6909
18	4	were	5.20623
18	5	consumed	6.87006
18	6	rapidly	8.98485
18	7	and	4.83248
18	8	entirely	8.40688
18	9	were	9.24565
18	10	carrying	7.87055
18	11	a	2.54822
18	12	rare	6.33862
18	13	bacteria	8.17156
19	1	The	1.93481
19	2	mice	11.9426
19	3	consumed	8.65211
19	4	rapidly	11.2786
19	5	and	2.68087
19	6	entirely	8.82385
19	7	were	8.5548
19	8	carrying	7.36241
19	9	a	2.77259
19	10	rare	6.53105
19	11	bacteria	7.67722
20	1	The	1.92745
20	2	mice	11.7764
20	3	that	7.36365
20	4	were	10.8884
20	5	consumed	9.05652
20	6	rapidly	10.1522
20	7	and	2.50653
20	8	entirely	9.30722
20	9	were	8.6533
20	10	carrying	7.82369
20	11	a	2.60828
20	12	rare	6.77705
20	13	bacteria	7.72828
21	1	The	1.9729
21	2	lawyer	8.37875
21	3	pledged	9.54598
21	4	to	0.320944
21	5	keep	4.98324
21	6	silent	9.51159
21	7	was	12.4726
21	8	discovered	7.41015
21	9	to	3.38177
21	10	have	3.51905
21	11	broken	5.85775
21	12	his	3.8458
21	13	promise	7.41534
22	1	The	1.84141
22	2	lawyer	8.29134
22	3	that	10.0511
22	4	was	2.64526
22	5	pledged	10.2209
22	6	to	0.347351
22	7	keep	5.08055
22	8	silent	13.4735
22	9	was	5.74514
22	10	discovered	7.85091
22	11	to	1.77046
22	12	have	2.0349
22	13	broken	6.33152
22	14	his	3.56909
22	15	promise	7.44509
23	1	The	1.82322
23	2	lawyer	8.14231
23	3	committed	10.6847
23	4	to	1.98509
23	5	keep	5.02074
23	6	silent	8.84758
23	7	was	9.655
23	8	discovered	9.95823
23	9	to	2.70236
23	10	have	2.76566
23	11	broken	5.5021
23	12	his	3.29389
23	13	promise	7.41122
24	1	The	2.04034
24	2	lawyer	8.20694
24	3	who	3.51231
24	4	was	3.08723
24	5	committed	7.97102
24	6	to	0.190451
24	7	keep	11.8525
24	8	silent	9.50929
24	9	was	3.09913
24	10	discovered	8.08945
24	11	to	1.5495
24	12	have	1.92492
24	13	broken	6.38499
24	14	his	2.96048
24	15	promise	7.41647
25	1	The	2.00252
25	2	child	9.66804
25	3	kicked	9.90693
25	4	in	1.53802
25	5	the	2.05899
25	6	chaos	9.92074
25	7	found	6.27593
25	8	her	8.27235
25	9	way	6.4436
25	10	back	6.99537
25	11	home	7.91301
26	1	The	1.93281
26	2	child	9.70564
26	3	who	14.3659
26	4	was	2.87977
26	5	kicked	7.98221
26	6	in	2.01938
26	7	the	2.05525
26	8	chaos	10.7608
26	9	found	14.4551
26	10	her	5.36002
26	11	way	7.63441
26	12	back	5.87059
26	13	home	7.02749
27	1	The	1.73039
27	2	child	9.75743
27	3	forgotten	12.3113
27	4	in	3.60818
27	5	the	1.33845
27	6	chaos	8.4556
27	7	found	6.99912
27	8	her	10.5189
27	9	way	5.79489
27	10	back	6.633
27	11	home	8.46992
28	1	The	1.81118
28	2	child	9.62265
28	3	who	3.69634
28	4	was	3.30917
28	5	forgotten	9.3161
28	6	in	2.72735
28	7	the	1.14466
28	8	chaos	9.24678
28	9	found	7.55061
28	10	her	4.21676
28	11	way	5.8462
28	12	back	5.82335
28	13	home	7.78696
29	1	The	1.88351
29	2	horses	12.1897
29	3	UNK-LC-ed	8.93267
29	4	past	8.12823
29	5	the	1.32039
29	6	barn	9.25988
29	7	fell	12.6595
29	8	into	5.13596
29	9	a	2.02205
29	10	swamp	9.4305
30	1	The	1.70352
30	2	horses	12.1039
30	3	that	3.00716
30	4	were	3.31408
30	5	UNK-LC-ed	6.6408
30	6	past	8.06339
30	7	the	1.14589
30	8	barn	8.86582
30	9	fell	7.06174
30	10	into	3.87814
30	11	a	1.89238
30	12	swamp	9.27963
31	1	The	1.96011
31	2	horses	12.0835
31	3	taken	8.46597
31	4	past	8.30407
31	5	the	0.959239
31	6	barn	8.63229
31	7	fell	6.54796
31	8	into	3.67283
31	9	a	2.01912
31	10	swamp	9.40001
32	1	The	1.96564
32	2	horses	12.0889
32	3	that	9.05092
32	4	were	3.29764
32	5	taken	6.14542
32	6	past	7.0628
32	7	the	1.25241
32	8	barn	9.08868
32	9	fell	13.9888
32	10	into	4.46561
32	11	a	2.27978
32	12	swamp	9.51798
33	1	The	1.80258
33	2	artist	9.8778
33	3	painted	9.15467
33	4	a	1.3741
33	5	impressionist	12.2842
33	6	portrait	4.99502
33	7	was	11.2821
33	8	impressed	10.6523
33	9	with	1.19808
33	10	the	1.08163
33	11	work	7.66831
34	1	The	1.76182
34	2	artist	10.0715
34	3	who	3.94929
34	4	was	3.07767
34	5	painted	7.8894
34	6	a	4.241
34	7	impressionist	12.2236
34	8	portrait	5.83693
34	9	was	2.90692
34	10	impressed	7.72344
34	11	with	1.18676
34	12	the	1.08213
34	13	work	7.51405
35	1	The	2.03764
35	2	artist	9.94587
35	3	drawn	10.888
35	4	a	2.72433
35	5	impressionist	12.9437
35	6	portrait	5.36357
35	7	was	3.77547
35	8	impressed	7.9195
35	9	with	1.29365
35	10	the	1.06183
35	11	work	7.59773
36	1	The	1.89077
36	2	artist	10.1526
36	3	who	13.7503
36	4	was	4.54939
36	5	drawn	6.87309
36	6	a	5.02007
36	7	impressionist	13.9563
36	8	portrait	5.46242
36	9	was	12.024
36	10	impressed	9.78058
36	11	with	1.39392
36	12	the	1.0853
36	13	work	7.59595
37	1	The	1.72191
37	2	car	7.80436
37	3	steered	13.4186
37	4	into	2.22544
37	5	the	1.53786
37	6	parking	9.37777
37	7	lot	2.49796
37	8	crashed	16.7427
37	9	into	5.1906
37	10	a	1.93263
37	11	concrete	8.37685
37	12	wall	5.65148
38	1	The	1.86624
38	2	car	7.92195
38	3	that	4.61709
38	4	was	2.48532
38	5	steered	11.5766
38	6	into	1.61936
38	7	the	1.2405
38	8	parking	9.19753
38	9	lot	3.38535
38	10	crashed	10.7866
38	11	into	4.1454
38	12	a	1.9232
38	13	concrete	8.39966
38	14	wall	5.18162
39	1	The	2.00693
39	2	car	7.92551
39	3	driven	12.3514
39	4	into	3.13904
39	5	the	1.5347
39	6	parking	8.7913
39	7	lot	3.01458
39	8	crashed	17.102
39	9	into	4.26723
39	10	a	2.22783
39	11	concrete	8.56509
39	12	wall	5.025
40	1	The	1.76389
40	2	car	8.02616
40	3	that	4.61793
40	4	was	2.60258
40	5	driven	7.36223
40	6	into	3.01357
40	7	the	1.24719
40	8	parking	9.0302
40	9	lot	3.23945
40	10	crashed	10.1586
40	11	into	3.91404
40	12	a	1.86835
40	13	concrete	8.47976
40	14	wall	5.06417
41	1	The	1.92088
41	2	campaign	7.00494
41	3	intended	10.4105
41	4	to	0.0836224
41	5	be	3.37175
41	6	very	5.94057
41	7	popular	4.24524
41	8	was	13.0898
41	9	still	6.38627
41	10	unsuccessful	8.75479
42	1	The	1.90841
42	2	campaign	6.8824
42	3	that	11.4978
42	4	was	2.75804
42	5	intended	5.6745
42	6	to	0.150759
42	7	be	4.18326
42	8	very	5.70058
42	9	popular	4.63042
42	10	was	13.233
42	11	still	5.56601
42	12	unsuccessful	11.2858
43	1	The	1.80107
43	2	campaign	7.00505
43	3	known	13.3524
43	4	to	3.79606
43	5	be	0.641541
43	6	very	5.9619
43	7	popular	4.32654
43	8	was	13.1774
43	9	still	9.91881
43	10	unsuccessful	8.27502
44	1	The	2.0209
44	2	campaign	6.99048
44	3	that	13.5434
44	4	was	4.33975
44	5	known	7.66516
44	6	to	2.11642
44	7	be	1.11211
44	8	very	5.72945
44	9	popular	4.53883
44	10	was	13.4778
44	11	still	6.88445
44	12	unsuccessful	9.02213
45	1	The	1.91121
45	2	student	9.31416
45	3	composed	11.7337
45	4	a	2.70572
45	5	carefully	8.01784
45	6	worded	4.4507
45	7	excuse	10.2285
45	8	forgot	15.5736
45	9	to	1.58864
45	10	give	5.01834
45	11	it	3.71076
45	12	to	1.79036
45	13	the	1.28283
45	14	teacher	7.69388
46	1	The	1.91012
46	2	student	9.26921
46	3	who	10.6421
46	4	was	2.54502
46	5	composed	10.0157
46	6	a	3.93545
46	7	carefully	8.83189
46	8	worded	5.26804
46	9	excuse	10.1471
46	10	forgot	15.9819
46	11	to	1.5763
46	12	give	5.05367
46	13	it	3.49234
46	14	to	2.92289
46	15	the	1.17965
46	16	teacher	7.52191
47	1	The	1.90976
47	2	student	9.32602
47	3	written	10.6242
47	4	a	1.65744
47	5	carefully	8.91766
47	6	worded	3.82228
47	7	excuse	10.3872
47	8	forgot	16.977
47	9	to	2.13913
47	10	give	4.92573
47	11	it	3.50088
47	12	to	2.49695
47	13	the	1.14594
47	14	teacher	7.6703
48	1	The	1.76547
48	2	student	9.26945
48	3	who	10.7486
48	4	was	2.72239
48	5	written	7.40779
48	6	a	4.47037
48	7	carefully	8.07754
48	8	worded	4.1396
48	9	excuse	11.0541
48	10	forgot	17.0788
48	11	to	2.75182
48	12	give	5.54879
48	13	it	3.34708
48	14	to	1.72519
48	15	the	1.18185
48	16	teacher	7.60872
49	1	The	1.7782
49	2	television	8.67035
49	3	show	3.85926
49	4	started	6.45997
49	5	three	5.6483
49	6	weeks	1.9582
49	7	ago	0.868914
49	8	was	10.8373
49	9	canceled	7.13642
49	10	immediately	7.70762
50	1	The	1.84205
50	2	television	8.68806
50	3	show	3.84154
50	4	that	10.7267
50	5	was	3.17021
50	6	started	7.70091
50	7	three	6.01568
50	8	weeks	1.67838
50	9	ago	0.0733198
50	10	was	13.3846
50	11	canceled	7.62648
50	12	immediately	7.75935
51	1	The	1.87648
51	2	television	8.70225
51	3	show	3.86764
51	4	begun	11.6576
51	5	three	5.7906
51	6	weeks	2.21752
51	7	ago	0.122899
51	8	was	10.9995
51	9	canceled	7.23096
51	10	immediately	8.24223
52	1	The	1.96662
52	2	television	8.7662
52	3	show	3.94518
52	4	that	4.65474
52	5	was	3.04307
52	6	begun	7.13012
52	7	three	7.05917
52	8	weeks	1.88851
52	9	ago	0.0419444
52	10	was	12.7438
52	11	canceled	9.67121
52	12	immediately	6.91015
53	1	The	1.82006
53	2	boys	9.7861
53	3	performed	7.92121
53	4	an	5.01798
53	5	unsolicited	7.46857
53	6	favor	11.3157
53	7	appreciated	15.7578
53	8	the	4.43965
53	9	person	10.0024
53	10	who	2.56871
53	11	helped	5.34988
53	12	them	3.86907
54	1	The	1.99209
54	2	boys	9.79773
54	3	who	4.64275
54	4	were	3.14189
54	5	performed	9.12621
54	6	an	7.64461
54	7	unsolicited	8.16872
54	8	favor	10.7739
54	9	appreciated	14.3504
54	10	the	2.39566
54	11	person	9.78812
54	12	who	2.07923
54	13	helped	5.41931
54	14	them	3.8223
55	1	The	1.83808
55	2	boys	9.75967
55	3	done	10.4763
55	4	an	4.89972
55	5	unsolicited	7.65778
55	6	favor	11.4401
55	7	appreciated	16.9503
55	8	the	4.65926
55	9	person	10.2353
55	10	who	1.69951
55	11	helped	5.34111
55	12	them	3.75845
56	1	The	1.96716
56	2	boys	9.85683
56	3	who	13.0249
56	4	were	4.07309
56	5	done	8.4143
56	6	an	7.34357
56	7	unsolicited	8.15316
56	8	favor	10.2823
56	9	appreciated	14.4209
56	10	the	5.21458
56	11	person	10.2096
56	12	who	2.96879
56	13	helped	5.30957
56	14	them	3.70736
57	1	The	1.83149
57	2	player	10.7515
57	3	tossed	10.1282
57	4	the	2.28044
57	5	baseball	8.05217
57	6	dropped	18.3496
57	7	it	11.071
57	8	on	4.16858
57	9	the	1.09452
57	10	ground	4.79755
58	1	The	1.91659
58	2	player	10.6038
58	3	who	4.64453
58	4	was	3.1808
58	5	tossed	7.80013
58	6	the	4.4331
58	7	baseball	7.86658
58	8	dropped	12.6491
58	9	it	4.02994
58	10	on	4.20976
58	11	the	1.32126
58	12	ground	4.80469
59	1	The	2.004
59	2	player	10.5768
59	3	thrown	11.2717
59	4	the	2.3812
59	5	baseball	8.3815
59	6	dropped	18.1002
59	7	it	10.5078
59	8	on	3.22354
59	9	the	0.961763
59	10	ground	4.80904
60	1	The	1.87318
60	2	player	10.5695
60	3	who	2.77297
60	4	was	3.14492
60	5	thrown	7.08008
60	6	the	4.6593
60	7	baseball	8.39445
60	8	dropped	12.7427
60	9	it	3.8662
60	10	on	4.31137
60	11	the	1.17119
60	12	ground	4.399
61	1	The	2.01054
61	2	child	9.58657
61	3	jumped	10.0548
61	4	past	8.03618
61	5	the	1.53853
61	6	swings	13.0063
61	7	was	13.6855
61	8	upset	10.9913
61	9	about	3.44997
61	10	it	6.03499
62	1	The	1.87231
62	2	child	9.68041
62	3	who	3.35733
62	4	was	3.40191
62	5	jumped	12.3375
62	6	past	7.87367
62	7	the	1.14007
62	8	swings	13.2448
62	9	was	1.98445
62	10	upset	7.38176
62	11	about	1.47982
62	12	it	5.63786
63	1	The	1.80767
63	2	child	9.70266
63	3	led	8.93952
63	4	past	9.31021
63	5	the	8.55612
63	6	swings	11.1226
63	7	was	13.1969
63	8	upset	10.6253
63	9	about	2.83748
63	10	it	5.8125
64	1	The	2.07898
64	2	child	9.74373
64	3	who	14.2484
64	4	was	6.72886
64	5	led	8.2187
64	6	past	9.76558
64	7	the	1.94192
64	8	swings	13.0536
64	9	was	15.7797
64	10	upset	10.0001
64	11	about	2.79775
64	12	it	5.81723
65	1	The	1.81676
65	2	students	8.17318
65	3	prepared	9.70215
65	4	a	2.18771
65	5	fancy	8.87027
65	6	dinner	5.98606
65	7	ate	15.3334
65	8	the	3.2221
65	9	meal	9.20071
65	10	quickly	9.99831
66	1	The	1.84582
66	2	students	8.19018
66	3	who	3.91929
66	4	were	3.64908
66	5	prepared	7.8478
66	6	a	7.78659
66	7	fancy	8.43469
66	8	dinner	5.77075
66	9	ate	9.13369
66	10	the	1.81631
66	11	meal	9.26503
66	12	quickly	7.88147
67	1	The	1.9384
67	2	students	8.23426
67	3	gotten	15.003
67	4	a	2.2492
67	5	fancy	7.58427
67	6	dinner	6.60742
67	7	ate	10.7186
67	8	the	4.32743
67	9	meal	9.30091
67	10	quickly	8.51483
68	1	The	1.84301
68	2	students	8.11203
68	3	who	13.5221
68	4	were	7.72861
68	5	gotten	10.7513
68	6	a	2.91133
68	7	fancy	7.21879
68	8	dinner	6.2332
68	9	ate	16.2131
68	10	the	3.9352
68	11	meal	9.23327
68	12	quickly	9.77056
69	1	The	1.88794
69	2	infant	10.9133
69	3	fed	12.8931
69	4	during	8.99137
69	5	the	0.775428
69	6	night	5.74831
69	7	yelled	12.8262
69	8	intensely	10.2031
70	1	The	2.02844
70	2	infant	11.109
70	3	that	12.5129
70	4	was	3.08618
70	5	fed	8.11082
70	6	during	6.08217
70	7	the	1.62473
70	8	night	5.99718
70	9	yelled	16.2527
70	10	intensely	13.9624
71	1	The	1.93476
71	2	infant	11.1613
71	3	aroused	13.2426
71	4	during	9.18984
71	5	the	0.940737
71	6	night	5.913
71	7	yelled	15.0964
71	8	intensely	12.999
72	1	The	1.95724
72	2	infant	11.0793
72	3	that	13.9011
72	4	was	3.24567
72	5	aroused	10.4326
72	6	during	4.91662
72	7	the	0.705164
72	8	night	5.99841
72	9	yelled	16.3856
72	10	intensely	16.0215
73	1	The	1.96119
73	2	refugee	12.4778
73	3	sheltered	13.4437
73	4	in	4.95119
73	5	the	1.31222
73	6	basement	7.84809
73	7	departed	15.5993
73	8	during	9.98536
73	9	the	0.609543
73	10	night	6.02522
74	1	The	1.8982
74	2	refugee	12.4116
74	3	who	15.0413
74	4	was	3.20734
74	5	sheltered	10.802
74	6	in	2.52871
74	7	the	1.41171
74	8	basement	7.59188
74	9	departed	15.1346
74	10	during	9.76686
74	11	the	0.672924
74	12	night	6.14255
75	1	The	2.04149
75	2	refugee	12.4241
75	3	hidden	14.5719
75	4	in	4.39416
75	5	the	1.09512
75	6	basement	6.9255
75	7	departed	15.0115
75	8	during	5.89342
75	9	the	0.804962
75	10	night	5.93755
76	1	The	1.95882
76	2	refugee	12.463
76	3	who	14.6919
76	4	was	4.37122
76	5	hidden	10.0056
76	6	in	1.32085
76	7	the	1.30877
76	8	basement	6.65247
76	9	departed	15.8592
76	10	during	6.15542
76	11	the	1.01174
76	12	night	6.11859
77	1	The	1.88011
77	2	dog	11.0576
77	3	walked	8.88313
77	4	on	3.44895
77	5	the	0.777479
77	6	beach	5.2777
77	7	UNK-LC-ed	10.8417
77	8	after	5.99346
77	9	a	1.82314
77	10	bird	8.16952
78	1	The	1.94638
78	2	dog	11.1307
78	3	that	6.71649
78	4	was	3.0984
78	5	walked	9.7433
78	6	on	3.02469
78	7	the	1.12283
78	8	beach	5.22866
78	9	UNK-LC-ed	8.40561
78	10	after	6.4046
78	11	a	1.59065
78	12	bird	8.33621
79	1	The	1.95544
79	2	dog	10.9413
79	3	seen	11.6821
79	4	on	7.15215
79	5	the	1.81755
79	6	beach	6.26199
79	7	UNK-LC-ed	11.5218
79	8	after	6.08982
79	9	a	1.86338
79	10	bird	8.40843
80	1	The	1.91745
80	2	dog	11.0895
80	3	that	5.4709
80	4	was	3.76419
80	5	seen	6.12664
80	6	on	4.74226
80	7	the	1.2688
80	8	beach	6.05421
80	9	UNK-LC-ed	8.79991
80	10	after	6.47956
80	11	a	1.57702
80	12	bird	8.20724
81	1	The	1.95831
81	2	ship	9.24783
81	3	steered	12.9452
81	4	off	4.93852
81	5	course	10.0164
81	6	sank	10.9878
81	7	in	2.57304
81	8	the	1.4149
81	9	storm	8.56057
82	1	The	1.94575
82	2	ship	9.22768
82	3	that	11.424
82	4	was	11.0781
82	5	steered	12.4116
82	6	off	5.13489
82	7	course	9.49983
82	8	sank	10.3154
82	9	in	2.30308
82	10	the	1.24492
82	11	storm	8.50558
83	1	The	1.9853
83	2	ship	9.24013
83	3	blown	13.8572
83	4	off	3.72602
83	5	course	8.501
83	6	sank	15.7265
83	7	in	2.6487
83	8	the	1.47687
83	9	storm	8.26587
84	1	The	1.88653
84	2	ship	9.25489
84	3	that	3.51873
84	4	was	2.46014
84	5	blown	7.64908
84	6	off	2.99384
84	7	course	13.1383
84	8	sank	9.81879
84	9	in	2.49907
84	10	the	1.34933
84	11	storm	8.29922
85	1	The	2.04435
85	2	fans	10.5338
85	3	cheered	8.87738
85	4	at	5.04249
85	5	the	1.26443
85	6	concert	6.77828
85	7	took	15.0507
85	8	photos	9.99261
85	9	with	3.18769
85	10	their	3.84132
85	11	phones	8.38367
86	1	The	1.94109
86	2	fans	10.3124
86	3	that	12.8544
86	4	were	6.18871
86	5	cheered	6.68283
86	6	at	5.01627
86	7	the	1.34744
86	8	concert	6.51117
86	9	took	14.6836
86	10	photos	9.00509
86	11	with	3.67488
86	12	their	3.84308
86	13	phones	8.46747
87	1	The	1.81498
87	2	fans	10.4335
87	3	UNK-LC-ed	8.65999
87	4	at	4.67705
87	5	the	1.3352
87	6	concert	6.64072
87	7	took	14.9319
87	8	photos	8.98964
87	9	with	3.17731
87	10	their	3.77952
87	11	phones	8.43162
88	1	The	1.93147
88	2	fans	10.4768
88	3	that	12.1931
88	4	were	6.08888
88	5	UNK-LC-ed	6.92364
88	6	at	3.65177
88	7	the	1.0711
88	8	concert	7.1671
88	9	took	14.0369
88	10	photos	10.4436
88	11	with	3.58588
88	12	their	3.80893
88	13	phones	8.4883
89	1	The	1.87894
89	2	boat	10.3762
89	3	steered	12.0271
89	4	to	2.48742
89	5	the	1.25608
89	6	sea	5.69224
89	7	disappeared	12.699
89	8	in	2.31118
89	9	the	1.4224
89	10	storm	8.33093
90	1	The	1.82988
90	2	boat	10.0973
90	3	that	9.39741
90	4	was	3.59581
90	5	steered	10.6094
90	6	in	2.73657
90	7	the	1.4752
90	8	sea	7.14939
90	9	disappeared	15.2265
90	10	in	1.90329
90	11	the	1.24514
90	12	storm	7.90525
91	1	The	1.91936
91	2	boat	10.3831
91	3	sunk	11.4002
91	4	in	2.58369
91	5	the	1.71689
91	6	sea	7.0191
91	7	disappeared	14.7282
91	8	in	3.37256
91	9	the	1.07833
91	10	storm	7.94933
92	1	The	1.82386
92	2	boat	10.3041
92	3	that	4.67153
92	4	was	2.71378
92	5	sunk	8.86382
92	6	in	2.02137
92	7	the	1.31392
92	8	sea	6.82778
92	9	disappeared	8.47189
92	10	in	1.9464
92	11	the	1.5576
92	12	storm	7.75041
93	1	The	1.93295
93	2	couple	8.57036
93	3	bought	6.88697
93	4	the	1.96151
93	5	apartment	7.44555
93	6	moved	16.2423
93	7	to	2.97991
93	8	a	3.28142
93	9	different	5.80947
93	10	city	4.76574
94	1	The	1.8887
94	2	couple	8.45139
94	3	that	9.62749
94	4	was	2.04196
94	5	bought	7.96969
94	6	the	5.49967
94	7	apartment	8.88591
94	8	moved	16.2991
94	9	to	3.3533
94	10	a	2.84559
94	11	different	6.1441
94	12	city	4.40337
95	1	The	1.91272
95	2	couple	8.35334
95	3	shown	9.16717
95	4	the	2.17993
95	5	apartment	10.2483
95	6	moved	8.39494
95	7	to	1.8362
95	8	a	2.38243
95	9	different	5.96452
95	10	city	4.92628
96	1	The	1.76452
96	2	couple	8.48669
96	3	that	4.73951
96	4	was	12.0615
96	5	shown	7.9252
96	6	the	4.44889
96	7	apartment	10.1195
96	8	moved	8.50101
96	9	to	1.79405
96	10	a	2.83637
96	11	different	6.17747
96	12	city	4.70797
97	1	The	1.96306
97	2	girl	10.6443
97	3	made	5.77088
97	4	a	1.20459
97	5	new	4.10794
97	6	blanket	8.66977
97	7	lost	12.9653
97	8	it	6.89207
97	9	during	5.40881
97	10	the	0.802612
97	11	trip	6.78284
98	1	The	1.90706
98	2	girl	10.5961
98	3	who	3.23059
98	4	was	2.87959
98	5	made	6.20215
98	6	a	4.52391
98	7	new	4.21204
98	8	blanket	9.0135
98	9	lost	7.70367
98	10	it	4.31913
98	11	during	5.35631
98	12	the	0.813127
98	13	trip	6.65501
99	1	The	1.82643
99	2	girl	10.5561
99	3	given	7.57445
99	4	a	2.06035
99	5	new	4.0044
99	6	blanket	8.94686
99	7	lost	7.76051
99	8	it	4.91297
99	9	during	4.85989
99	10	the	0.823333
99	11	trip	6.68248
100	1	The	1.84709
100	2	girl	10.6281
100	3	who	2.13277
100	4	was	2.88932
100	5	given	5.33651
100	6	a	1.71098
100	7	new	4.01543
100	8	blanket	8.74458
100	9	lost	8.22463
100	10	it	4.72167
100	11	during	5.28987
100	12	the	0.825177
100	13	trip	6.535
101	1	The	1.79342
101	2	airplane	11.4287
101	3	landed	8.27559
101	4	in	1.31417
101	5	the	1.67885
101	6	mountains	6.35762
101	7	broke	12.2882
101	8	down	2.91556
101	9	during	4.39997
101	10	the	0.881429
101	11	ice	9.88803
101	12	storm	7.31057
102	1	The	1.85994
102	2	airplane	11.4459
102	3	that	13.0319
102	4	was	3.2186
102	5	landed	9.84346
102	6	in	1.09074
102	7	the	1.73648
102	8	mountains	6.68126
102	9	broke	12.4036
102	10	down	3.23143
103	1	The	1.98464
103	2	airplane	11.1247
103	3	flown	11.7202
103	4	in	2.93388
103	5	the	2.29203
103	6	mountains	7.62844
103	7	broke	12.6102
103	8	down	3.08709
103	9	during	4.42964
103	10	the	0.665302
103	11	ice	10.3308
103	12	storm	7.96422
104	1	The	1.74659
104	2	airplane	11.377
104	3	that	13.2135
104	4	was	3.26874
104	5	flown	8.96739
104	6	in	2.11559
104	7	the	1.89345
104	8	mountains	7.86697
104	9	broke	13.3861
104	10	down	3.38135
104	11	during	4.28496
104	12	the	0.724656
104	13	ice	10.3949
104	14	storm	7.67605
105	1	The	1.92205
105	2	child	9.75299
105	3	carried	9.74412
105	4	down	5.65763
105	5	the	1.92402
105	6	hall	8.80562
105	7	yelled	13.638
105	8	at	3.20294
105	9	the	1.26754
105	10	top	6.11843
105	11	of	4.58695
105	12	his	3.62328
105	13	lungs	7.56806
106	1	The	1.90192
106	2	child	9.6882
106	3	that	7.35328
106	4	was	3.41876
106	5	carried	6.88058
106	6	down	5.12584
106	7	the	5.11103
106	8	hall	7.38887
106	9	yelled	10.4265
106	10	at	3.80102
106	11	the	1.15284
106	12	top	5.73501
106	13	of	2.03885
106	14	his	3.37956
106	15	lungs	8.18469
107	1	The	1.9487
107	2	child	9.77771
107	3	borne	13.032
107	4	down	5.63392
107	5	the	1.619
107	6	hall	9.31923
107	7	yelled	16.084
107	8	at	3.75253
107	9	the	1.10002
107	10	top	6.61872
107	11	of	1.56723
107	12	his	3.18138
107	13	lungs	7.98284
108	1	The	2.03298
108	2	child	9.68224
108	3	that	7.36049
108	4	was	3.38874
108	5	borne	10.2716
108	6	down	4.86991
108	7	the	5.66783
108	8	hall	7.58606
108	9	yelled	10.5833
108	10	at	3.70952
108	11	the	1.13248
108	12	top	5.80796
108	13	of	1.31457
108	14	his	3.10592
108	15	lungs	8.21867
