sentence_id	token_id	token	surprisal
1	1	The	1.64328
1	2	woman	8.36216
1	3	brought	7.67226
1	4	the	1.8351
1	5	sandwich	11.4983
1	6	from	3.40441
1	7	the	1.62047
1	8	kitchen	8.34863
1	9	fell	9.48234
1	10	in	2.90516
1	11	the	2.94915
1	12	dining	15.995
1	13	room	4.02313
2	1	The	1.64328
2	2	woman	8.36216
2	3	who	12.9293
2	4	was	3.66872
2	5	brought	6.29679
2	6	the	4.15053
2	7	sandwich	11.6587
2	8	from	5.02184
2	9	the	1.5399
2	10	kitchen	8.77615
2	11	fell	14.3037
2	12	in	3.02498
2	13	the	2.34094
2	14	dining	15.332
2	15	room	5.42986
3	1	The	1.64328
3	2	woman	8.36216
3	3	given	10.6173
3	4	the	1.54483
3	5	sandwich	12.0231
3	6	from	4.24158
3	7	the	1.96344
3	8	kitchen	8.40493
3	9	fell	10.0443
3	10	in	2.94744
3	11	the	3.24878
3	12	dining	15.5298
3	13	room	3.79013
4	1	The	1.64328
4	2	woman	8.36216
4	3	who	12.9293
4	4	was	3.66872
4	5	given	5.44302
4	6	the	1.83836
4	7	sandwich	12.6409
4	8	from	4.4866
4	9	the	2.08613
4	10	kitchen	8.76413
4	11	fell	14.7352
4	12	in	2.95873
4	13	the	2.29141
4	14	dining	15.5777
4	15	room	3.90059
5	1	The	1.64328
5	2	convict	15.4316
5	3	walked	20.1671
5	4	into	7.92086
5	5	the	1.41883
5	6	dark	7.72217
5	7	cell	11.1209
5	8	tried	10.6511
5	9	to	0.321674
5	10	escape	6.77454
5	11	but	11.9972
5	12	failed	11.8029
6	1	The	1.64328
6	2	convict	15.4316
6	3	who	12.2614
6	4	was	3.1757
6	5	walked	12.2092
6	6	into	1.85007
6	7	the	1.51923
6	8	dark	6.07673
6	9	cell	10.5106
6	10	tried	15.3456
6	11	to	1.40879
6	12	escape	6.64913
6	13	but	9.93342
6	14	failed	12.3584
7	1	The	1.64328
7	2	convict	15.4316
7	3	taken	16.47
7	4	into	8.91371
7	5	the	1.64003
7	6	dark	7.6669
7	7	cell	10.4889
7	8	tried	10.6631
7	9	to	0.467106
7	10	escape	6.79526
7	11	but	10.9353
7	12	failed	10.2475
8	1	The	1.64328
8	2	convict	15.4316
8	3	who	12.2614
8	4	was	3.1757
8	5	taken	6.56769
8	6	into	3.48256
8	7	the	1.73504
8	8	dark	6.65901
8	9	cell	10.4746
8	10	tried	13.0054
8	11	to	0.527546
8	12	escape	6.63036
8	13	but	9.89141
8	14	failed	12.4882
9	1	The	1.64328
9	2	prisoners	14.336
9	3	hit	8.44767
9	4	for	8.92037
9	5	hours	13.3445
9	6	and	4.57588
9	7	hours	10.0802
9	8	confessed	14.5213
9	9	to	0.137835
9	10	crimes	10.4613
9	11	they	5.26797
9	12	never	7.30542
9	13	committed	8.50528
10	1	The	1.64328
10	2	prisoners	14.336
10	3	who	13.2097
10	4	were	6.97391
10	5	hit	7.48303
10	6	for	5.22975
10	7	hours	7.97182
10	8	and	2.84678
10	9	hours	9.79057
10	10	confessed	13.4063
10	11	to	0.0858098
10	12	crimes	10.4747
10	13	they	14.9367
10	14	never	10.4042
10	15	committed	11.0214
11	1	The	1.64328
11	2	prisoners	14.336
11	3	beaten	12.5129
11	4	for	5.07198
11	5	hours	8.66167
11	6	and	4.2941
11	7	hours	8.91518
11	8	confessed	14.1617
11	9	to	0.257507
11	10	crimes	10.2858
11	11	they	11.9443
11	12	never	10.2711
11	13	committed	10.9996
12	1	The	1.64328
12	2	prisoners	14.336
12	3	who	13.2097
12	4	were	6.97391
12	5	beaten	8.96223
12	6	for	4.44721
12	7	hours	8.27943
12	8	and	3.89831
12	9	hours	8.64147
12	10	confessed	14.5178
12	11	to	0.169344
12	12	crimes	10.4619
12	13	they	14.4746
12	14	never	8.80562
12	15	committed	6.9456
13	1	The	1.64328
13	2	business	8.10219
13	3	expanded	8.59478
13	4	into	5.23368
13	5	an	3.83276
13	6	empire	16.2034
13	7	was	12.7633
13	8	sold	5.32246
13	9	for	2.65938
13	10	billions	9.14254
13	11	of	0.0971166
13	12	dollars	2.3049
14	1	The	1.64328
14	2	business	8.10219
14	3	that	10.7239
14	4	was	6.19432
14	5	expanded	7.905
14	6	into	5.31959
14	7	an	4.04773
14	8	empire	16.0401
14	9	was	12.8788
14	10	sold	6.121
14	11	for	2.6028
14	12	billions	9.36683
14	13	of	0.296227
14	14	dollars	2.091
15	1	The	1.64328
15	2	business	8.10219
15	3	grown	15.0557
15	4	into	4.93129
15	5	an	4.55995
15	6	empire	16.9434
15	7	was	3.30735
15	8	sold	3.79793
15	9	for	2.4876
15	10	billions	8.83582
15	11	of	0.174678
15	12	dollars	2.15801
16	1	The	1.64328
16	2	business	8.10219
16	3	that	10.7239
16	4	was	6.19432
16	5	grown	9.30086
16	6	into	4.69737
16	7	an	4.11422
16	8	empire	17.4171
16	9	was	12.8337
16	10	sold	7.52875
16	11	for	2.91661
16	12	billions	9.20725
16	13	of	0.130563
16	14	dollars	2.09592
17	1	The	1.64328
17	2	mice	13.2043
17	3	consumed	9.35304
17	4	rapidly	9.27484
17	5	and	3.13315
17	6	entirely	10.826
17	7	were	11.606
17	8	carrying	9.80007
17	9	a	2.28455
17	10	rare	7.1525
17	11	bacteria	10.5414
18	1	The	1.64328
18	2	mice	13.2043
18	3	that	5.63484
18	4	were	3.68785
18	5	consumed	8.39607
18	6	rapidly	8.30066
18	7	and	3.74753
18	8	entirely	6.1656
18	9	were	6.56985
18	10	carrying	9.72453
18	11	a	1.95253
18	12	rare	7.08279
18	13	bacteria	10.5699
19	1	The	1.64328
19	2	mice	13.2043
19	3	consumed	9.35304
19	4	rapidly	9.27484
19	5	and	3.13315
19	6	entirely	10.826
19	7	were	11.606
19	8	carrying	9.80007
19	9	a	2.28455
19	10	rare	7.1525
19	11	bacteria	10.5414
20	1	The	1.64328
20	2	mice	13.2043
20	3	that	5.63484
20	4	were	3.68785
20	5	consumed	8.39607
20	6	rapidly	8.30066
20	7	and	3.74753
20	8	entirely	6.1656
20	9	were	6.56985
20	10	carrying	9.72453
20	11	a	1.95253
20	12	rare	7.08279
20	13	bacteria	10.5699
21	1	The	1.64328
21	2	lawyer	10.3588
21	3	pledged	7.83709
21	4	to	1.67686
21	5	keep	4.44461
21	6	silent	11.3762
21	7	was	16.0162
21	8	discovered	10.455
21	9	to	4.26989
21	10	have	5.47278
21	11	broken	7.33354
21	12	his	6.1663
21	13	promise	8.04865
22	1	The	1.64328
22	2	lawyer	10.3588
22	3	that	14.4961
22	4	was	8.24264
22	5	pledged	10.678
22	6	to	0.631852
22	7	keep	4.53615
22	8	silent	11.3042
22	9	was	15.5546
22	10	discovered	12.724
22	11	to	3.33207
22	12	have	6.39215
22	13	broken	7.45047
22	14	his	6.45039
22	15	promise	7.73792
23	1	The	1.64328
23	2	lawyer	10.3588
23	3	committed	11.7012
23	4	to	4.30825
23	5	keep	11.7798
23	6	silent	13.6693
23	7	was	16.7745
23	8	discovered	8.74305
23	9	to	5.47614
23	10	have	14.5623
23	11	broken	9.66854
23	12	his	13.0384
23	13	promise	10.7344
24	1	The	1.64328
24	2	lawyer	10.3588
24	3	who	15.9853
24	4	was	8.11733
24	5	committed	7.57079
24	6	to	0.280589
24	7	keep	14.0834
24	8	silent	12.1177
24	9	was	14.2341
24	10	discovered	11.6993
24	11	to	4.04346
24	12	have	6.46806
24	13	broken	7.7306
24	14	his	4.45976
24	15	promise	7.87655
25	1	The	1.64328
25	2	child	9.90575
25	3	kicked	12.3706
25	4	in	2.80366
25	5	the	2.61064
25	6	chaos	10.2038
25	7	found	7.97308
25	8	her	9.96422
25	9	way	7.00447
25	10	back	8.13856
25	11	home	8.06395
26	1	The	1.64328
26	2	child	9.90575
26	3	who	15.9911
26	4	was	6.35068
26	5	kicked	9.53592
26	6	in	2.51547
26	7	the	3.46707
26	8	chaos	10.5705
26	9	found	14.8433
26	10	her	6.83182
26	11	way	7.83485
26	12	back	7.96079
26	13	home	6.43045
27	1	The	1.64328
27	2	child	9.90575
27	3	forgotten	14.0997
27	4	in	2.74573
27	5	the	2.02943
27	6	chaos	11.3712
27	7	found	9.30999
27	8	her	12.5339
27	9	way	6.32089
27	10	back	8.15835
27	11	home	9.07854
28	1	The	1.64328
28	2	child	9.90575
28	3	who	15.9911
28	4	was	6.35068
28	5	forgotten	8.97992
28	6	in	2.48971
28	7	the	2.0791
28	8	chaos	11.5293
28	9	found	9.33712
28	10	her	12.0211
28	11	way	6.54513
28	12	back	7.80337
28	13	home	7.18402
29	1	The	1.64328
29	2	horses	13.3991
29	3	UNK-LC-ed	6.15662
29	4	past	7.59572
29	5	the	3.99182
29	6	barn	9.38587
29	7	fell	15.0335
29	8	into	4.55303
29	9	a	1.90649
29	10	swamp	14.1757
30	1	The	1.64328
30	2	horses	13.3991
30	3	that	12.9469
30	4	were	6.25007
30	5	UNK-LC-ed	4.10999
30	6	past	7.6548
30	7	the	4.41591
30	8	barn	9.34572
30	9	fell	14.6151
30	10	into	4.50838
30	11	a	2.2026
30	12	swamp	14.4099
31	1	The	1.64328
31	2	horses	13.3991
31	3	taken	10.4075
31	4	past	8.88105
31	5	the	3.45336
31	6	barn	9.55351
31	7	fell	15.9794
31	8	into	5.64249
31	9	a	2.01079
31	10	swamp	14.2408
32	1	The	1.64328
32	2	horses	13.3991
32	3	that	12.9469
32	4	were	6.25007
32	5	taken	5.21895
32	6	past	8.18005
32	7	the	4.26134
32	8	barn	9.57692
32	9	fell	14.1028
32	10	into	4.27864
32	11	a	2.0732
32	12	swamp	14.2754
33	1	The	1.64328
33	2	artist	9.66584
33	3	painted	10.4173
33	4	a	2.21059
33	5	impressionist	15.5198
33	6	portrait	12.6631
33	7	was	11.3384
33	8	impressed	9.43022
33	9	with	2.67696
33	10	the	1.83213
33	11	work	7.72075
34	1	The	1.64328
34	2	artist	9.66584
34	3	who	12.785
34	4	was	5.14642
34	5	painted	8.22601
34	6	a	6.01729
34	7	impressionist	18.4
34	8	portrait	11.5101
34	9	was	12.8911
34	10	impressed	11.8876
34	11	with	1.69589
34	12	the	1.67893
34	13	work	7.4399
35	1	The	1.64328
35	2	artist	9.66584
35	3	drawn	11.3648
35	4	a	2.86059
35	5	impressionist	16.6732
35	6	portrait	11.2957
35	7	was	7.35548
35	8	impressed	7.04142
35	9	with	1.87709
35	10	the	1.86931
35	11	work	7.44086
36	1	The	1.64328
36	2	artist	9.66584
36	3	who	12.785
36	4	was	5.14642
36	5	drawn	7.47199
36	6	a	6.52526
36	7	impressionist	14.3386
36	8	portrait	11.7057
36	9	was	12.2661
36	10	impressed	7.94654
36	11	with	1.5619
36	12	the	1.80752
36	13	work	7.27489
37	1	The	1.64328
37	2	car	9.01311
37	3	steered	11.5215
37	4	into	3.92074
37	5	the	1.50777
37	6	parking	7.4461
37	7	lot	3.8691
37	8	crashed	15.1367
37	9	into	6.70233
37	10	a	1.89326
37	11	concrete	7.61797
37	12	wall	5.4525
38	1	The	1.64328
38	2	car	9.01311
38	3	that	10.8046
38	4	was	7.69658
38	5	steered	11.2055
38	6	into	2.28827
38	7	the	1.59602
38	8	parking	7.74044
38	9	lot	3.81938
38	10	crashed	17.1291
38	11	into	6.34626
38	12	a	2.02531
38	13	concrete	7.32919
38	14	wall	5.33991
39	1	The	1.64328
39	2	car	9.01311
39	3	driven	12.5667
39	4	into	6.25558
39	5	the	1.58152
39	6	parking	7.77315
39	7	lot	3.73504
39	8	crashed	12.8322
39	9	into	7.84501
39	10	a	1.70004
39	11	concrete	8.34095
39	12	wall	5.98132
40	1	The	1.64328
40	2	car	9.01311
40	3	that	10.8046
40	4	was	7.69658
40	5	driven	6.4028
40	6	into	4.28171
40	7	the	1.6273
40	8	parking	7.83913
40	9	lot	3.33564
40	10	crashed	16.464
40	11	into	7.39898
40	12	a	2.09792
40	13	concrete	7.73746
40	14	wall	5.82351
41	1	The	1.64328
41	2	campaign	7.46449
41	3	intended	9.61373
41	4	to	0.104582
41	5	be	2.83195
41	6	very	8.74341
41	7	popular	8.20365
41	8	was	4.43055
41	9	still	6.15285
41	10	unsuccessful	8.55084
42	1	The	1.64328
42	2	campaign	7.46449
42	3	that	10.7043
42	4	was	2.96404
42	5	intended	7.47057
42	6	to	0.170647
42	7	be	2.59527
42	8	very	8.71579
42	9	popular	7.91189
42	10	was	13.9447
42	11	still	7.79379
42	12	unsuccessful	9.63839
43	1	The	1.64328
43	2	campaign	7.46449
43	3	known	9.40507
43	4	to	3.96785
43	5	be	2.46888
43	6	very	7.45255
43	7	popular	7.13533
43	8	was	12.2452
43	9	still	7.31023
43	10	unsuccessful	15.6517
44	1	The	1.64328
44	2	campaign	7.46449
44	3	that	10.7043
44	4	was	2.96404
44	5	known	7.78913
44	6	to	1.57034
44	7	be	2.25849
44	8	very	7.465
44	9	popular	7.23077
44	10	was	14.8114
44	11	still	7.66361
44	12	unsuccessful	8.11907
45	1	The	1.64328
45	2	student	9.99667
45	3	composed	12.8723
45	4	a	5.52434
45	5	carefully	9.35367
45	6	worded	9.10361
45	7	excuse	10.8388
45	8	forgot	17.2995
45	9	to	3.18477
45	10	give	6.74265
45	11	it	2.4618
45	12	to	3.03207
45	13	the	1.41788
45	14	teacher	11.5762
46	1	The	1.64328
46	2	student	9.99667
46	3	who	5.16759
46	4	was	3.29322
46	5	composed	6.94082
46	6	a	7.20716
46	7	carefully	9.03588
46	8	worded	8.44106
46	9	excuse	10.5785
46	10	forgot	11.3824
46	11	to	5.366
46	12	give	14.0698
46	13	it	4.74723
46	14	to	2.41401
46	15	the	1.62243
46	16	teacher	11.1743
47	1	The	1.64328
47	2	student	9.99667
47	3	written	11.0507
47	4	a	3.12757
47	5	carefully	10.2539
47	6	worded	9.33069
47	7	excuse	10.3886
47	8	forgot	16.684
47	9	to	2.61882
47	10	give	5.41893
47	11	it	2.26835
47	12	to	3.53572
47	13	the	1.43899
47	14	teacher	11.5113
48	1	The	1.64328
48	2	student	9.99667
48	3	who	5.16759
48	4	was	3.29322
48	5	written	6.34019
48	6	a	10.2874
48	7	carefully	9.08162
48	8	worded	11.2946
48	9	excuse	10.1157
48	10	forgot	12.1009
48	11	to	3.42902
48	12	give	5.06439
48	13	it	2.39817
48	14	to	3.44619
48	15	the	1.51945
48	16	teacher	11.2946
49	1	The	1.64328
49	2	television	8.90791
49	3	show	4.98046
49	4	started	6.54584
49	5	three	7.68932
49	6	weeks	4.37044
49	7	ago	6.60468
49	8	was	13.6271
49	9	canceled	9.72191
49	10	immediately	13.8421
50	1	The	1.64328
50	2	television	8.90791
50	3	show	4.98046
50	4	that	14.2914
50	5	was	5.50883
50	6	started	8.10492
50	7	three	5.85491
50	8	weeks	2.33938
50	9	ago	0.112198
50	10	was	13.0893
50	11	canceled	10.1278
50	12	immediately	12.3868
51	1	The	1.64328
51	2	television	8.90791
51	3	show	4.98046
51	4	begun	9.93881
51	5	three	8.74812
51	6	weeks	5.17332
51	7	ago	4.21788
51	8	was	2.53766
51	9	canceled	7.43508
51	10	immediately	13.1126
52	1	The	1.64328
52	2	television	8.90791
52	3	show	4.98046
52	4	that	14.2914
52	5	was	5.50883
52	6	begun	9.34307
52	7	three	8.2962
52	8	weeks	3.74182
52	9	ago	7.9747
52	10	was	13.75
52	11	canceled	7.98509
52	12	immediately	13.2983
53	1	The	1.64328
53	2	boys	9.84748
53	3	performed	10.0852
53	4	an	7.16821
53	5	unsolicited	8.22987
53	6	favor	14.3424
53	7	appreciated	11.2313
53	8	the	10.5078
53	9	person	11.8326
53	10	who	4.70461
53	11	helped	5.49727
53	12	them	4.8674
54	1	The	1.64328
54	2	boys	9.84748
54	3	who	2.67306
54	4	were	3.24598
54	5	performed	9.28918
54	6	an	8.62261
54	7	unsolicited	8.11593
54	8	favor	13.3314
54	9	appreciated	11.377
54	10	the	2.84425
54	11	person	8.71643
54	12	who	4.30157
54	13	helped	5.95264
54	14	them	4.96786
55	1	The	1.64328
55	2	boys	9.84748
55	3	done	10.5618
55	4	an	4.57721
55	5	unsolicited	8.13256
55	6	favor	12.8693
55	7	appreciated	13.0789
55	8	the	4.08134
55	9	person	8.79321
55	10	who	4.30185
55	11	helped	5.91043
55	12	them	5.318
56	1	The	1.64328
56	2	boys	9.84748
56	3	who	2.67306
56	4	were	3.24598
56	5	done	6.88565
56	6	an	7.90982
56	7	unsolicited	8.92524
56	8	favor	12.3697
56	9	appreciated	12.5693
56	10	the	3.6063
56	11	person	8.58869
56	12	who	4.27636
56	13	helped	5.90772
56	14	them	4.9429
57	1	The	1.64328
57	2	player	11.9453
57	3	tossed	10.7771
57	4	the	1.78751
57	5	baseball	7.40818
57	6	dropped	18.8066
57	7	it	10.5491
57	8	on	3.40289
57	9	the	1.23918
57	10	ground	6.17123
58	1	The	1.64328
58	2	player	11.9453
58	3	who	13.4432
58	4	was	3.78722
58	5	tossed	7.65982
58	6	the	5.8845
58	7	baseball	7.39717
58	8	dropped	17.6566
58	9	it	8.0185
58	10	on	5.24628
58	11	the	1.34264
58	12	ground	6.12572
59	1	The	1.64328
59	2	player	11.9453
59	3	thrown	11.1357
59	4	the	2.97343
59	5	baseball	7.16808
59	6	dropped	18.8094
59	7	it	10.9381
59	8	on	3.13225
59	9	the	1.24288
59	10	ground	6.26288
60	1	The	1.64328
60	2	player	11.9453
60	3	who	13.4432
60	4	was	3.78722
60	5	thrown	6.77087
60	6	the	5.21686
60	7	baseball	7.29221
60	8	dropped	17.6079
60	9	it	10.6729
60	10	on	3.48105
60	11	the	1.29819
60	12	ground	6.0733
61	1	The	1.64328
61	2	men	9.44384
61	3	discussed	10.8513
61	4	in	3.26072
61	5	the	2.06664
61	6	neighborhood	9.77772
61	7	died	8.68209
61	8	from	4.22824
61	9	cancer	9.63699
62	1	The	1.64328
62	2	men	9.44384
62	3	who	2.46764
62	4	were	3.58532
62	5	discussed	7.56575
62	6	in	1.68475
62	7	the	2.26185
62	8	neighborhood	9.9427
62	9	died	8.9681
62	10	from	4.23502
62	11	cancer	9.81048
63	1	The	1.64328
63	2	man	7.33576
63	3	known	5.82627
63	4	in	2.45885
63	5	the	1.5391
63	6	neighborhood	7.89607
63	7	died	8.60335
63	8	from	4.3692
63	9	cancer	8.94127
64	1	The	1.64328
64	2	man	7.33576
64	3	who	1.68874
64	4	was	3.75421
64	5	known	5.38722
64	6	in	3.10349
64	7	the	1.79747
64	8	neighborhood	8.13743
64	9	died	9.08982
64	10	from	3.61426
64	11	cancer	9.35197
65	1	The	1.64328
65	2	child	9.90575
65	3	jumped	11.4204
65	4	past	10.1205
65	5	the	3.81234
65	6	swings	12.6441
65	7	was	7.79674
65	8	upset	8.38232
65	9	about	2.02079
65	10	it	4.84676
66	1	The	1.64328
66	2	child	9.90575
66	3	who	15.9911
66	4	was	6.35068
66	5	jumped	12.6942
66	6	past	8.89144
66	7	the	4.16539
66	8	swings	13.3808
66	9	was	10.797
66	10	upset	8.45585
66	11	about	1.81854
66	12	it	5.20921
67	1	The	1.64328
67	2	child	9.90575
67	3	led	9.53933
67	4	past	8.97922
67	5	the	3.50649
67	6	swings	12.6507
67	7	was	14.8149
67	8	upset	11.435
67	9	about	1.85932
67	10	it	6.00382
68	1	The	1.64328
68	2	child	9.90575
68	3	who	15.9911
68	4	was	6.35068
68	5	led	8.06072
68	6	past	9.53096
68	7	the	6.13169
68	8	swings	13.6466
68	9	was	13.1596
68	10	upset	12.7263
68	11	about	3.50785
68	12	it	5.08954
69	1	The	1.64328
69	2	students	12.3184
69	3	prepared	10.7669
69	4	a	3.87504
69	5	fancy	8.0227
69	6	dinner	10.2357
69	7	ate	15.9956
69	8	the	4.27638
69	9	meal	11.4216
69	10	quickly	9.60828
70	1	The	1.64328
70	2	students	12.3184
70	3	who	2.36006
70	4	were	3.54426
70	5	prepared	7.11076
70	6	a	11.2406
70	7	fancy	9.6359
70	8	dinner	12.876
70	9	ate	12.3255
70	10	the	2.92904
70	11	meal	11.7542
70	12	quickly	7.81241
71	1	The	1.64328
71	2	students	12.3184
71	3	gotten	11.0931
71	4	a	3.14796
71	5	fancy	8.14145
71	6	dinner	10.3088
71	7	ate	12.8801
71	8	the	3.37022
71	9	meal	11.7598
71	10	quickly	7.41108
72	1	The	1.64328
72	2	students	12.3184
72	3	who	2.36006
72	4	were	3.54426
72	5	gotten	9.57483
72	6	a	4.46017
72	7	fancy	8.24885
72	8	dinner	10.3563
72	9	ate	11.3797
72	10	the	2.42708
72	11	meal	11.7137
72	12	quickly	7.2627
73	1	The	1.64328
73	2	infant	11.0798
73	3	fed	12.4613
73	4	during	14.1564
73	5	the	1.71025
73	6	night	7.56833
73	7	yelled	11.2994
73	8	intensely	9.77346
74	1	The	1.64328
74	2	infant	11.0798
74	3	that	13.9148
74	4	was	3.50253
74	5	fed	8.65651
74	6	during	8.71858
74	7	the	1.07101
74	8	night	7.22464
74	9	yelled	15.9298
74	10	intensely	12.928
75	1	The	1.64328
75	2	infant	11.0798
75	3	aroused	11.8284
75	4	during	13.902
75	5	the	1.71879
75	6	night	8.08225
75	7	yelled	11.8015
75	8	intensely	9.75568
76	1	The	1.64328
76	2	infant	11.0798
76	3	that	13.9148
76	4	was	3.50253
76	5	aroused	8.34016
76	6	during	6.0543
76	7	the	0.949014
76	8	night	7.23728
76	9	yelled	15.7629
76	10	intensely	12.2879
77	1	The	1.64328
77	2	refugee	11.164
77	3	sheltered	16.2884
77	4	in	5.7819
77	5	the	1.59673
77	6	basement	9.82386
77	7	departed	10.5398
77	8	during	5.6887
77	9	the	1.0317
77	10	night	6.62425
78	1	The	1.64328
78	2	refugee	11.164
78	3	who	14.4536
78	4	was	3.48003
78	5	sheltered	12.505
78	6	in	1.62794
78	7	the	2.08186
78	8	basement	10.4754
78	9	departed	15.8249
78	10	during	5.23096
78	11	the	0.831923
78	12	night	6.35433
79	1	The	1.64328
79	2	refugee	11.164
79	3	hidden	11.1368
79	4	in	13.8391
79	5	the	4.33491
79	6	basement	9.9127
79	7	departed	15.3066
79	8	during	6.41211
79	9	the	0.713685
79	10	night	6.52794
80	1	The	1.64328
80	2	refugee	11.164
80	3	who	14.4536
80	4	was	3.48003
80	5	hidden	8.99017
80	6	in	2.2416
80	7	the	1.66968
80	8	basement	10.1907
80	9	departed	15.4901
80	10	during	5.92402
80	11	the	0.743044
80	12	night	6.35405
81	1	The	1.64328
81	2	dog	11.5832
81	3	walked	9.09369
81	4	on	1.78319
81	5	the	1.31851
81	6	beach	8.06608
81	7	UNK-LC-ed	7.09422
81	8	after	4.6486
81	9	a	2.40549
81	10	bird	11.6202
82	1	The	1.64328
82	2	dog	11.5832
82	3	that	14.1033
82	4	was	3.77926
82	5	walked	11.0408
82	6	on	2.34692
82	7	the	1.26323
82	8	beach	7.95325
82	9	UNK-LC-ed	11.0806
82	10	after	4.7043
82	11	a	2.07917
82	12	bird	11.7353
83	1	The	1.64328
83	2	dog	11.5832
83	3	seen	11.4431
83	4	on	6.84468
83	5	the	2.23441
83	6	beach	9.60149
83	7	UNK-LC-ed	7.8492
83	8	after	4.53321
83	9	a	2.20379
83	10	bird	11.5073
84	1	The	1.64328
84	2	dog	11.5832
84	3	that	14.1033
84	4	was	3.77926
84	5	seen	6.13833
84	6	on	4.60308
84	7	the	1.19529
84	8	beach	9.17975
84	9	UNK-LC-ed	7.68185
84	10	after	4.6287
84	11	a	2.32131
84	12	bird	11.5985
85	1	The	1.64328
85	2	ship	8.92055
85	3	steered	9.90427
85	4	off	4.5497
85	5	course	8.09337
85	6	sank	16.1892
85	7	in	4.41733
85	8	the	1.58276
85	9	storm	8.34658
86	1	The	1.64328
86	2	ship	8.92055
86	3	that	14.3806
86	4	was	3.74425
86	5	steered	10.3543
86	6	off	4.25709
86	7	course	8.12959
86	8	sank	15.7826
86	9	in	4.31918
86	10	the	1.54334
86	11	storm	8.45975
87	1	The	1.64328
87	2	ship	8.92055
87	3	blown	11.8968
87	4	off	3.09253
87	5	course	10.0773
87	6	sank	17.0039
87	7	in	3.52869
87	8	the	1.66721
87	9	storm	8.44489
88	1	The	1.64328
88	2	ship	8.92055
88	3	that	14.3806
88	4	was	3.74425
88	5	blown	10.0126
88	6	off	2.73835
88	7	course	12.2884
88	8	sank	17.0999
88	9	in	3.67795
88	10	the	1.48936
88	11	storm	8.48438
89	1	The	1.64328
89	2	fans	11.5439
89	3	cheered	11.4014
89	4	at	6.72634
89	5	the	1.6322
89	6	concert	10.6861
89	7	took	14.7253
89	8	photos	11.2356
89	9	with	8.53281
89	10	their	5.6937
89	11	phones	7.97661
90	1	The	1.64328
90	2	fans	11.5439
90	3	that	11.8823
90	4	were	6.44058
90	5	cheered	7.78527
90	6	at	4.63498
90	7	the	2.12342
90	8	concert	10.4379
90	9	took	13.2986
90	10	photos	14.2946
90	11	with	5.6641
90	12	their	5.42051
90	13	phones	7.91645
91	1	The	1.64328
91	2	fans	11.5439
91	3	UNK-LC-ed	5.24172
91	4	at	4.10439
91	5	the	1.28268
91	6	concert	10.512
91	7	took	11.9754
91	8	photos	8.89809
91	9	with	5.63643
91	10	their	5.25771
91	11	phones	7.92847
92	1	The	1.64328
92	2	fans	11.5439
92	3	that	11.8823
92	4	were	6.44058
92	5	UNK-LC-ed	4.1667
92	6	at	3.68265
92	7	the	1.37633
92	8	concert	10.282
92	9	took	13.9371
92	10	photos	12.2743
92	11	with	6.05755
92	12	their	5.50492
92	13	phones	7.97156
93	1	The	1.64328
93	2	boat	11.2721
93	3	steered	10.1785
93	4	to	2.71878
93	5	the	1.24571
93	6	sea	9.12563
93	7	disappeared	13.4364
93	8	in	1.37049
93	9	the	1.23932
93	10	storm	8.9958
94	1	The	1.64328
94	2	boat	11.2721
94	3	that	12.3363
94	4	was	6.50164
94	5	steered	10.4401
94	6	in	4.00682
94	7	the	1.8798
94	8	sea	7.81748
94	9	disappeared	13.988
94	10	in	1.40558
94	11	the	1.26566
94	12	storm	9.24024
95	1	The	1.64328
95	2	boat	11.2721
95	3	sunk	16.2883
95	4	in	3.04406
95	5	the	1.54219
95	6	sea	8.89803
95	7	disappeared	11.3708
95	8	in	2.60288
95	9	the	1.535
95	10	storm	8.34337
96	1	The	1.64328
96	2	boat	11.2721
96	3	that	12.3363
96	4	was	6.50164
96	5	sunk	12.9822
96	6	in	3.49257
96	7	the	1.72536
96	8	sea	8.67853
96	9	disappeared	14.8089
96	10	in	1.49046
96	11	the	1.22375
96	12	storm	9.077
97	1	The	1.64328
97	2	couple	9.21521
97	3	bought	10.8024
97	4	the	2.50864
97	5	apartment	11.7117
97	6	moved	12.3486
97	7	to	1.93232
97	8	a	2.28624
97	9	different	7.8312
97	10	city	6.15797
98	1	The	1.64328
98	2	couple	9.21521
98	3	that	14.7127
98	4	was	7.96587
98	5	bought	7.7734
98	6	the	4.47054
98	7	apartment	10.9174
98	8	moved	10.7935
98	9	to	1.49489
98	10	a	2.62112
98	11	different	8.37572
98	12	city	5.72961
99	1	The	1.64328
99	2	couple	9.21521
99	3	shown	11.6822
99	4	the	3.34577
99	5	apartment	10.5832
99	6	moved	8.51119
99	7	to	1.47631
99	8	a	2.05812
99	9	different	7.01156
99	10	city	6.57856
100	1	The	1.64328
100	2	couple	9.21521
100	3	that	14.7127
100	4	was	7.96587
100	5	shown	8.06949
100	6	the	5.40883
100	7	apartment	9.80033
100	8	moved	10.1378
100	9	to	2.14026
100	10	a	2.08022
100	11	different	7.00017
100	12	city	6.44513
101	1	The	1.64328
101	2	girl	11.2586
101	3	made	6.21525
101	4	a	1.95682
101	5	new	4.11597
101	6	blanket	12.1129
101	7	lost	13.434
101	8	it	9.90287
101	9	during	5.57649
101	10	the	1.02671
101	11	trip	8.30596
102	1	The	1.64328
102	2	girl	11.2586
102	3	who	2.89807
102	4	was	4.05138
102	5	made	6.89208
102	6	a	4.91628
102	7	new	3.27637
102	8	blanket	12.0206
102	9	lost	10.8947
102	10	it	4.34026
102	11	during	5.89709
102	12	the	1.23878
102	13	trip	8.52433
103	1	The	1.64328
103	2	girl	11.2586
103	3	given	10.0918
103	4	a	2.96606
103	5	new	3.79669
103	6	blanket	12.2613
103	7	lost	11.1127
103	8	it	4.81078
103	9	during	5.81123
103	10	the	1.21201
103	11	trip	8.29565
104	1	The	1.64328
104	2	girl	11.2586
104	3	who	2.89807
104	4	was	4.05138
104	5	given	6.36204
104	6	a	2.65829
104	7	new	3.48012
104	8	blanket	11.9355
104	9	lost	11.0451
104	10	it	4.41035
104	11	during	5.8162
104	12	the	1.21101
104	13	trip	8.23564
105	1	The	1.64328
105	2	airplane	20.8182
105	3	landed	17.2654
105	4	in	5.51475
105	5	the	2.42555
105	6	mountains	13.9882
105	7	broke	7.59135
105	8	down	3.25903
105	9	during	6.26562
105	10	the	1.04456
105	11	ice	10.1858
105	12	storm	10.6358
106	1	The	1.64328
106	2	airplane	20.8182
106	3	that	17.1614
106	4	was	3.54475
106	5	landed	12.0862
106	6	in	2.30361
106	7	the	2.29861
106	8	mountains	12.3397
106	9	broke	16.1435
106	10	down	4.66158
107	1	The	1.64328
107	2	airplane	20.8182
107	3	flown	14.3438
107	4	in	4.88585
107	5	the	2.14499
107	6	mountains	13.4281
107	7	broke	7.17143
107	8	down	2.70119
107	9	during	6.38013
107	10	the	1.03148
107	11	ice	10.2156
107	12	storm	10.7749
108	1	The	1.64328
108	2	airplane	20.8182
108	3	that	17.1614
108	4	was	3.54475
108	5	flown	11.0678
108	6	in	2.24707
108	7	the	1.99158
108	8	mountains	11.5061
108	9	broke	17.2369
108	10	down	6.12721
108	11	during	5.61961
108	12	the	0.876448
108	13	ice	10.2851
108	14	storm	10.6619
109	1	The	1.64328
109	2	child	9.90575
109	3	carried	11.0598
109	4	down	3.84059
109	5	the	1.91862
109	6	hall	9.09762
109	7	yelled	16.1207
109	8	at	3.77728
109	9	the	1.3051
109	10	top	5.28927
109	11	of	1.37234
109	12	his	2.90454
109	13	lungs	8.32061
110	1	The	1.64328
110	2	child	9.90575
110	3	that	14.3873
110	4	was	10.3337
110	5	carried	8.09159
110	6	down	2.80915
110	7	the	3.95511
110	8	hall	8.56742
110	9	yelled	17.5783
110	10	at	3.99347
110	11	the	1.14963
110	12	top	4.87443
110	13	of	1.43145
110	14	his	2.95578
110	15	lungs	8.3597
111	1	The	1.64328
111	2	child	9.90575
111	3	borne	16.4267
111	4	down	4.32954
111	5	the	1.79318
111	6	hall	8.71811
111	7	yelled	18.7561
111	8	at	5.18373
111	9	the	1.34393
111	10	top	5.76381
111	11	of	1.77524
111	12	his	2.93854
111	13	lungs	8.37339
112	1	The	1.64328
112	2	child	9.90575
112	3	that	14.3873
112	4	was	10.3337
112	5	borne	10.4563
112	6	down	2.80896
112	7	the	3.87812
112	8	hall	9.12444
112	9	yelled	17.6789
112	10	at	4.26485
112	11	the	1.25567
112	12	top	5.04851
112	13	of	1.26643
112	14	his	2.77653
112	15	lungs	8.26971
