sentence_id	token_id	token	surprisal
1	1	The	1.99326
1	2	kindergartners	15.4932
1	3	liked	9.55375
1	4	the	1.381
1	5	little	7.51744
1	6	girl	6.37977
1	7	brought	8.52059
1	8	a	4.54254
1	9	toy	8.19247
1	10	by	4.90966
1	11	her	3.7868
1	12	parents	4.59234
1	13	on	4.87811
1	14	the	1.10454
1	15	first	4.73142
1	16	day	2.77754
1	17	of	1.64296
1	18	UNK-INITC	8.37812
1	19	.	1.30025
2	1	The	1.915
2	2	kindergartners	15.4675
2	3	liked	9.6365
2	4	the	1.48084
2	5	little	7.51723
2	6	girl	6.34697
2	7	chosen	8.14741
2	8	a	5.41387
2	9	toy	8.63326
2	10	by	4.42683
2	11	her	3.37409
2	12	parents	4.3992
2	13	on	5.59273
2	14	the	1.09112
2	15	first	4.66433
2	16	day	2.71356
2	17	of	2.83014
2	18	UNK-INITC	8.63805
2	19	.	4.10967
3	1	The	1.79262
3	2	kindergartners	15.5139
3	3	liked	9.58465
3	4	the	1.37476
3	5	little	7.57056
3	6	girl	6.3154
3	7	who	2.00447
3	8	was	2.53402
3	9	brought	6.54492
3	10	a	5.11544
3	11	toy	8.50274
3	12	by	4.65343
3	13	her	3.80705
3	14	parents	4.59134
3	15	j	17.6705
3	16	on	4.52732
3	17	the	1.04785
3	18	first	4.77117
3	19	day	2.91783
3	20	of	2.29979
3	21	UNK-INITC	8.21991
3	22	.	1.37414
4	1	The	1.71063
4	2	kindergartners	15.4774
4	3	liked	9.69799
4	4	the	1.43306
4	5	little	7.5566
4	6	girl	6.29901
4	7	who	3.0353
4	8	was	2.52273
4	9	chosen	6.32771
4	10	a	6.66535
4	11	toy	8.53294
4	12	by	4.06337
4	13	her	3.49907
4	14	parents	4.19561
4	15	j	17.3881
4	16	on	5.85219
4	17	the	1.23083
4	18	first	4.4165
4	19	day	2.52589
4	20	of	2.47882
4	21	UNK-INITC	8.37498
4	22	.	1.5916
5	1	We	5.53797
5	2	saw	6.19738
5	3	a	1.94695
5	4	movie	7.39065
5	5	about	2.85443
5	6	an	4.43275
5	7	artist	5.55194
5	8	painted	8.42463
5	9	a	4.26193
5	10	picture	6.49825
5	11	by	3.65795
5	12	her	3.52922
5	13	father	3.15588
5	14	while	13.374
5	15	he	5.32845
5	16	was	2.4629
5	17	on	4.83358
5	18	his	3.14907
5	19	deathbed	7.60969
5	20	.	0.569278
6	1	We	5.67691
6	2	saw	6.19821
6	3	a	2.01768
6	4	movie	7.56787
6	5	about	3.22927
6	6	an	4.48614
6	7	artist	5.49872
6	8	drawn	8.15089
6	9	a	5.08927
6	10	picture	6.28582
6	11	by	4.12353
6	12	her	4.24488
6	13	father	3.3626
6	14	while	6.16788
6	15	he	2.49763
6	16	was	1.92368
6	17	on	4.65776
6	18	his	3.06683
6	19	deathbed	7.65364
6	20	.	0.34344
7	1	We	5.62781
7	2	saw	6.24267
7	3	a	1.91038
7	4	movie	7.51794
7	5	about	3.12686
7	6	an	4.49848
7	7	artist	5.60126
7	8	who	3.04911
7	9	was	2.36053
7	10	painted	7.18253
7	11	a	4.70557
7	12	picture	6.9979
7	13	by	3.16029
7	14	her	3.46273
7	15	father	2.93275
7	16	while	6.15033
7	17	he	2.15984
7	18	was	1.90018
7	19	on	5.31923
7	20	his	2.99947
7	21	deathbed	7.64066
7	22	.	0.511475
8	1	We	5.44376
8	2	saw	6.2219
8	3	a	1.9471
8	4	movie	7.46632
8	5	about	3.27842
8	6	an	4.47587
8	7	artist	5.5707
8	8	who	2.01248
8	9	was	2.30129
8	10	drawn	6.76123
8	11	a	4.69695
8	12	picture	5.92341
8	13	by	4.64112
8	14	her	3.79458
8	15	father	3.21041
8	16	while	6.11013
8	17	he	2.3492
8	18	was	1.87776
8	19	on	5.30383
8	20	his	3.00443
8	21	deathbed	7.65878
8	22	.	3.35606
9	1	The	1.88686
9	2	health	8.9926
9	3	officials	6.01078
9	4	pounced	13.6804
9	5	on	0.658441
9	6	a	2.39891
9	7	restaurant	9.23682
9	8	sent	8.51597
9	9	a	6.63418
9	10	shipment	8.97516
9	11	of	4.05879
9	12	salmon	8.2328
9	13	by	4.85925
9	14	a	2.05943
9	15	company	5.74661
9	16	that	2.11371
9	17	had	3.45017
9	18	failed	7.1039
9	19	to	0.250055
9	20	comply	5.53875
9	21	with	0.143773
9	22	refrigeration	13.4405
9	23	laws	6.04455
9	24	.	1.5558
10	1	The	1.72252
10	2	health	8.95069
10	3	officials	5.97255
10	4	pounced	13.9546
10	5	on	0.610284
10	6	a	2.2194
10	7	restaurant	9.24076
10	8	flown	10.3335
10	9	a	4.10404
10	10	shipment	10.1073
10	11	of	4.67881
10	12	salmon	8.3877
10	13	by	4.14889
10	14	a	2.17561
10	15	company	5.93299
10	16	that	1.83415
10	17	had	3.71604
10	18	failed	7.35642
10	19	to	0.270239
10	20	comply	5.64037
10	21	with	0.123147
10	22	refrigeration	13.414
10	23	laws	6.13973
10	24	.	0.400556
11	1	The	1.9713
11	2	health	8.9692
11	3	officials	5.86335
11	4	pounced	13.846
11	5	on	0.696027
11	6	a	2.45368
11	7	restaurant	9.25307
11	8	which	7.55889
11	9	was	2.70495
11	10	sent	5.58403
11	11	a	6.78722
11	12	shipment	8.92182
11	13	of	5.75014
11	14	salmon	8.5347
11	15	by	4.76863
11	16	a	1.71597
11	17	company	5.27793
11	18	that	1.81815
11	19	had	3.13104
11	20	failed	7.14521
11	21	to	0.246332
11	22	comply	5.48224
11	23	with	0.180152
11	24	refrigeration	13.392
11	25	laws	6.06371
11	26	.	0.370763
12	1	The	1.92152
12	2	health	8.9379
12	3	officials	6.24019
12	4	pounced	13.869
12	5	on	0.661278
12	6	a	2.38704
12	7	restaurant	9.23267
12	8	which	7.48117
12	9	was	2.74319
12	10	flown	7.82185
12	11	a	3.91715
12	12	shipment	10.3647
12	13	of	2.61556
12	14	salmon	8.13977
12	15	by	4.47697
12	16	a	2.07917
12	17	company	5.60989
12	18	that	1.67237
12	19	had	3.37886
12	20	failed	7.52092
12	21	to	0.353697
12	22	comply	5.53162
12	23	with	0.122856
12	24	refrigeration	13.2566
12	25	laws	5.94803
12	26	.	0.248585
13	1	At	5.05476
13	2	the	1.0831
13	3	dinner	7.39821
13	4	UNK-LC	10.7092
13	5	I	4.74274
13	6	met	5.84512
13	7	a	3.17032
13	8	man	5.16225
13	9	allowed	9.4747
13	10	the	4.14984
13	11	pleasure	9.19045
13	12	of	1.39482
13	13	eating	6.11186
13	14	sweets	14.1853
13	15	by	4.81834
13	16	his	4.58669
13	17	doctor	7.0911
13	18	.	0.842797
14	1	At	5.21899
14	2	the	1.24733
14	3	dinner	7.38983
14	4	UNK-LC	10.6536
14	5	I	5.56537
14	6	met	5.89621
14	7	a	3.0872
14	8	man	5.08317
14	9	forbidden	10.9728
14	10	the	5.57073
14	11	pleasure	9.06324
14	12	of	5.36143
14	13	eating	6.63897
14	14	sweets	14.1778
14	15	by	4.8298
14	16	his	5.01649
14	17	doctor	7.35029
14	18	.	0.716017
15	1	At	5.38879
15	2	the	1.02378
15	3	dinner	7.34251
15	4	UNK-LC	10.279
15	5	I	6.20069
15	6	met	5.70897
15	7	a	3.67828
15	8	man	4.76667
15	9	who	1.1558
15	10	was	2.48365
15	11	allowed	6.07018
15	12	the	14.3676
15	13	pleasure	9.56192
15	14	of	5.53784
15	15	eating	6.48573
15	16	sweets	14.2357
15	17	by	4.78917
15	18	his	4.13114
15	19	doctor	7.35628
15	20	.	1.05179
16	1	At	4.97341
16	2	the	1.02762
16	3	dinner	7.3737
16	4	UNK-LC	10.4068
16	5	I	4.7973
16	6	met	6.08731
16	7	a	2.97007
16	8	man	4.90232
16	9	who	1.25364
16	10	was	2.51018
16	11	forbidden	9.19877
16	12	the	5.28694
16	13	pleasure	9.26712
16	14	of	6.08651
16	15	eating	6.19805
16	16	sweets	14.2033
16	17	by	4.48877
16	18	his	4.41949
16	19	doctor	7.74226
16	20	.	0.513182
17	1	One	5.48296
17	2	expects	8.18173
17	3	a	2.98575
17	4	man	8.11656
17	5	told	10.2624
17	6	his	4.69585
17	7	sins	10.5507
17	8	by	4.06337
17	9	his	3.00902
17	10	own	4.47831
17	11	god	11.7535
17	12	to	1.88701
17	13	have	3.59602
17	14	tolerance	12.2012
17	15	for	0.997821
17	16	weaknesses	11.6161
17	17	in	1.21304
17	18	others	8.0976
17	19	.	0.635903
18	1	One	5.41965
18	2	expects	7.62777
18	3	a	3.20222
18	4	man	7.9025
18	5	forgiven	13.1076
18	6	his	3.2211
18	7	sins	9.43339
18	8	by	5.04535
18	9	his	3.24962
18	10	own	3.5229
18	11	god	11.3275
18	12	to	0.16235
18	13	have	3.39123
18	14	tolerance	12.002
18	15	for	0.954087
18	16	weaknesses	11.7751
18	17	in	1.14763
18	18	others	8.1387
18	19	.	0.776249
19	1	One	5.45329
19	2	expects	8.72521
19	3	a	3.06344
19	4	man	7.6322
19	5	who	3.00855
19	6	is	2.28424
19	7	told	6.95026
19	8	his	4.45298
19	9	sins	10.4106
19	10	by	4.54811
19	11	his	2.88043
19	12	own	4.26819
19	13	god	11.7069
19	14	to	0.287712
19	15	have	3.39083
19	16	tolerance	12.6098
19	17	for	1.2131
19	18	weaknesses	11.6932
19	19	in	1.13281
19	20	others	8.04364
19	21	.	0.705175
20	1	One	5.28742
20	2	expects	8.69541
20	3	a	2.99512
20	4	man	8.16535
20	5	who	2.31645
20	6	is	2.34255
20	7	forgiven	9.86051
20	8	his	2.83438
20	9	sins	9.43557
20	10	by	4.78328
20	11	his	3.47852
20	12	own	3.15523
20	13	god	11.1505
20	14	to	0.478851
20	15	have	3.31391
20	16	tolerance	12.2639
20	17	for	1.1819
20	18	weaknesses	11.6747
20	19	in	1.27693
20	20	others	8.0784
20	21	.	0.598297
21	1	An	5.64589
21	2	elderly	6.86737
21	3	gentleman	8.1361
21	4	addressed	10.3218
21	5	the	1.64356
21	6	woman	6.72275
21	7	offered	10.8597
21	8	a	2.26685
21	9	beer	9.11552
21	10	by	5.70138
21	11	the	2.13072
21	12	hostess	10.05
21	13	.	1.14042
22	1	An	5.73589
22	2	elderly	6.8248
22	3	gentleman	8.19321
22	4	addressed	10.1319
22	5	the	1.42794
22	6	woman	6.64604
22	7	given	8.61745
22	8	a	1.81946
22	9	beer	8.92511
22	10	by	6.09324
22	11	the	2.08406
22	12	hostess	9.81806
22	13	.	0.894427
23	1	An	5.73638
23	2	elderly	6.71808
23	3	gentleman	8.35314
23	4	addressed	10.1298
23	5	the	1.39465
23	6	woman	6.57936
23	7	who	3.01503
23	8	was	2.66911
23	9	offered	7.52868
23	10	a	2.50319
23	11	beer	8.75608
23	12	by	5.00771
23	13	the	1.60148
23	14	hostess	9.88666
23	15	.	1.73658
24	1	An	5.56888
24	2	elderly	6.83868
24	3	gentleman	8.18557
24	4	addressed	10.2598
24	5	the	1.56685
24	6	woman	6.70826
24	7	who	3.52535
24	8	was	2.68918
24	9	given	4.75005
24	10	a	1.69118
24	11	beer	9.05511
24	12	by	5.51496
24	13	the	1.85667
24	14	hostess	9.72132
24	15	.	0.967608
25	1	UNK-INITC	7.48314
25	2	praised	12.2262
25	3	the	0.846914
25	4	professor	10.642
25	5	taught	12.9884
25	6	Swahili	15.1529
25	7	lessons	9.90594
25	8	by	5.05797
25	9	a	2.70093
25	10	graduate	7.05053
25	11	student	2.71425
25	12	.	4.56878
26	1	UNK-INITC	7.39329
26	2	praised	12.2945
26	3	the	0.827694
26	4	professor	10.6191
26	5	given	11.9173
26	6	Swahili	14.8384
26	7	lessons	8.74581
26	8	by	4.4866
26	9	a	3.48704
26	10	graduate	7.18789
26	11	student	2.73621
26	12	.	2.80894
27	1	UNK-INITC	7.51264
27	2	praised	12.0834
27	3	the	0.848332
27	4	professor	10.7295
27	5	who	4.60741
27	6	was	2.63857
27	7	taught	6.56897
27	8	Swahili	14.3598
27	9	lessons	11.0109
27	10	by	3.34318
27	11	a	2.47231
27	12	graduate	6.95019
27	13	student	2.54137
27	14	.	2.52252
28	1	UNK-INITC	7.41287
28	2	praised	12.1979
28	3	the	0.957573
28	4	professor	10.5963
28	5	who	13.564
28	6	was	7.95428
28	7	given	5.16822
28	8	Swahili	15.0108
28	9	lessons	8.77448
28	10	by	4.8406
28	11	a	2.41228
28	12	graduate	6.79885
28	13	student	2.56748
28	14	.	2.81082
29	1	The	1.83712
29	2	manager	8.1207
29	3	watched	10.3659
29	4	a	3.06327
29	5	waiter	10.0049
29	6	served	10.6955
29	7	pea	17.0045
29	8	soup	11.1594
29	9	by	4.55021
29	10	a	2.77328
29	11	trainee	10.0612
29	12	.	6.57677
30	1	The	1.95166
30	2	manager	8.25371
30	3	watched	9.83381
30	4	a	3.10345
30	5	waiter	9.83181
30	6	given	8.47943
30	7	pea	14.4949
30	8	soup	8.25794
30	9	by	4.96823
30	10	a	2.25485
30	11	trainee	9.50953
30	12	.	4.5766
31	1	The	1.79245
31	2	manager	8.17738
31	3	watched	10.0617
31	4	a	2.97898
31	5	waiter	10.1269
31	6	who	3.92898
31	7	was	2.56064
31	8	served	7.12272
31	9	pea	17.4802
31	10	soup	11.4741
31	11	by	3.87307
31	12	a	2.12545
31	13	trainee	9.93552
31	14	.	5.59689
32	1	The	2.11055
32	2	manager	8.20673
32	3	watched	9.60539
32	4	a	2.88041
32	5	waiter	9.94186
32	6	who	13.7928
32	7	was	8.38298
32	8	given	4.869
32	9	pea	14.8581
32	10	soup	8.65306
32	11	by	4.9754
32	12	a	1.90672
32	13	trainee	9.54537
32	14	.	5.53254
33	1	James	7.9984
33	2	entertained	22.6401
33	3	the	14.3971
33	4	children	9.20005
33	5	dyed	15.5196
33	6	Easter	12.9194
33	7	eggs	10.3195
33	8	by	4.75273
33	9	their	4.59774
33	10	teachers	7.89638
33	11	.	1.07893
34	1	James	7.76918
34	2	entertained	23.6278
34	3	the	10.6108
34	4	children	8.45812
34	5	hidden	12.6185
34	6	Easter	13.9383
34	7	eggs	9.47598
34	8	by	4.49054
34	9	their	4.95255
34	10	teachers	7.59861
34	11	.	1.24169
35	1	James	7.67726
35	2	entertained	23.1596
35	3	the	10.3118
35	4	children	8.2033
35	5	who	4.60797
35	6	were	3.46374
35	7	dyed	13.2936
35	8	Easter	13.4666
35	9	eggs	10.4821
35	10	by	4.2931
35	11	their	3.99463
35	12	teachers	7.69093
35	13	.	7.3722
36	1	James	7.50362
36	2	entertained	23.6415
36	3	the	15.2946
36	4	children	9.21168
36	5	who	3.22383
36	6	were	3.39435
36	7	hidden	9.56951
36	8	Easter	16.9812
36	9	eggs	10.1921
36	10	by	5.67482
36	11	their	4.18561
36	12	teachers	7.23975
36	13	.	6.77993
37	1	The	2.02269
37	2	foreman	11.5043
37	3	yelled	10.2425
37	4	at	3.96418
37	5	a	1.85366
37	6	carpenter	10.362
37	7	cut	12.0342
37	8	a	4.21845
37	9	board	9.08526
37	10	by	5.83477
37	11	his	4.65485
37	12	buddy	8.55177
37	13	.	2.16288
38	1	The	1.94567
38	2	foreman	11.5031
38	3	yelled	10.3458
38	4	at	3.68246
38	5	a	1.79205
38	6	carpenter	10.4288
38	7	UNK-LC	8.76578
38	8	a	3.95568
38	9	board	10.0148
38	10	by	5.15189
38	11	his	4.63856
38	12	buddy	8.72938
38	13	.	1.26518
39	1	The	1.92157
39	2	foreman	11.4976
39	3	yelled	10.3236
39	4	at	3.8196
39	5	a	1.85396
39	6	carpenter	10.3948
39	7	who	3.58917
39	8	was	2.59391
39	9	cut	8.94708
39	10	a	4.54653
39	11	board	9.07241
39	12	by	5.64976
39	13	his	4.67843
39	14	buddy	8.98577
39	15	.	1.46383
40	1	The	1.86761
40	2	foreman	11.4855
40	3	yelled	10.3386
40	4	at	3.77174
40	5	a	1.81181
40	6	carpenter	10.4288
40	7	who	2.60772
40	8	was	2.5599
40	9	UNK-LC	7.65688
40	10	a	3.13353
40	11	board	10.1426
40	12	by	6.20955
40	13	his	4.75124
40	14	buddy	8.39927
40	15	.	3.28387
41	1	The	1.79987
41	2	preschool	13.3844
41	3	teacher	8.65734
41	4	congratulated	11.3335
41	5	the	1.41499
41	6	little	8.50656
41	7	boy	5.48307
41	8	knitted	17.6343
41	9	a	6.34418
41	10	hat	7.4177
41	11	by	4.57997
41	12	his	4.63626
41	13	grandmother	6.22509
41	14	.	1.56047
42	1	The	1.93838
42	2	preschool	13.3591
42	3	teacher	8.67312
42	4	congratulated	11.2891
42	5	the	1.47994
42	6	little	8.37759
42	7	boy	5.48083
42	8	sewn	12.7749
42	9	a	5.1453
42	10	hat	6.91872
42	11	by	4.61694
42	12	his	3.87534
42	13	grandmother	6.1926
42	14	.	2.37514
43	1	The	1.89295
43	2	preschool	13.3315
43	3	teacher	8.68787
43	4	congratulated	10.9944
43	5	the	1.46437
43	6	little	8.44828
43	7	boy	5.51925
43	8	who	3.00924
43	9	was	2.62819
43	10	knitted	15.2627
43	11	a	4.91991
43	12	hat	8.95372
43	13	by	4.89407
43	14	his	3.21536
43	15	grandmother	6.34467
43	16	.	4.11421
44	1	The	1.76902
44	2	preschool	13.3103
44	3	teacher	8.64509
44	4	congratulated	11.4012
44	5	the	1.45521
44	6	little	8.35979
44	7	boy	5.46864
44	8	who	3.23198
44	9	was	2.68845
44	10	sewn	10.3545
44	11	a	4.30136
44	12	hat	7.21445
44	13	by	4.73561
44	14	his	3.5704
44	15	grandmother	6.10103
44	16	.	1.37869
45	1	The	1.97347
45	2	janitor	13.1161
45	3	chatted	11.5655
45	4	with	1.10922
45	5	the	1.46239
45	6	young	6.16593
45	7	man	3.60937
45	8	rented	11.6669
45	9	an	5.97497
45	10	apartment	2.4791
45	11	by	4.36267
45	12	his	3.82189
45	13	uncle	6.25108
45	14	.	1.83105
46	1	The	1.85236
46	2	janitor	13.1202
46	3	chatted	11.3889
46	4	with	1.19646
46	5	the	1.45953
46	6	young	6.15043
46	7	man	3.61062
46	8	shown	9.29803
46	9	an	5.74262
46	10	apartment	5.31401
46	11	by	5.91608
46	12	his	3.43309
46	13	uncle	6.13253
46	14	.	1.40594
47	1	The	1.88331
47	2	janitor	13.2128
47	3	chatted	11.5355
47	4	with	1.12377
47	5	the	1.50656
47	6	young	6.12857
47	7	man	3.63051
47	8	who	2.31302
47	9	was	2.61571
47	10	rented	8.88927
47	11	an	5.98175
47	12	apartment	2.62034
47	13	by	5.06464
47	14	his	3.60279
47	15	uncle	6.0018
47	16	.	2.6076
48	1	The	1.84049
48	2	janitor	13.2435
48	3	chatted	11.2659
48	4	with	1.07519
48	5	the	1.42563
48	6	young	6.13845
48	7	man	3.63864
48	8	who	3.9218
48	9	was	2.63388
48	10	shown	6.77184
48	11	an	5.63658
48	12	apartment	5.58591
48	13	by	5.36526
48	14	his	3.51277
48	15	uncle	5.93602
48	16	.	1.1399
49	1	The	1.94688
49	2	nurse	12.1557
49	3	admonished	10.7439
49	4	a	2.62388
49	5	student	5.86058
49	6	nabbed	13.5593
49	7	a	4.45721
49	8	muffin	13.4641
49	9	by	4.92933
49	10	her	4.11059
49	11	friends	5.68508
49	12	from	4.67009
49	13	the	1.46933
49	14	dining	7.93977
49	15	hall	4.79977
49	16	.	3.85794
50	1	The	1.88311
50	2	nurse	12.1321
50	3	admonished	10.9216
50	4	a	2.58946
50	5	student	5.8452
50	6	stolen	11.2744
50	7	a	5.50705
50	8	muffin	13.6612
50	9	by	4.09086
50	10	her	4.72452
50	11	friends	5.8787
50	12	from	4.05984
50	13	the	1.30563
50	14	dining	8.52887
50	15	hall	4.95066
50	16	.	1.34359
51	1	The	1.90848
51	2	nurse	12.1178
51	3	admonished	10.7706
51	4	a	2.60018
51	5	student	5.84373
51	6	who	2.66843
51	7	was	2.62298
51	8	nabbed	9.95332
51	9	a	5.32262
51	10	muffin	13.8171
51	11	by	4.34803
51	12	her	4.13303
51	13	friends	5.67879
51	14	from	5.10055
51	15	the	1.26199
51	16	dining	8.31977
51	17	hall	4.89632
51	18	.	0.889785
52	1	The	1.99855
52	2	nurse	12.1176
52	3	admonished	11.0138
52	4	a	2.63506
52	5	student	5.77852
52	6	who	3.02197
52	7	was	2.78362
52	8	stolen	8.36156
52	9	a	5.97221
52	10	muffin	13.872
52	11	by	4.08671
52	12	her	4.22251
52	13	friends	5.73519
52	14	from	4.16211
52	15	the	1.48119
52	16	dining	8.49007
52	17	hall	4.85824
52	18	.	7.32775
53	1	The	1.87219
53	2	play	8.49371
53	3	centered	10.151
53	4	around	6.28519
53	5	an	4.48122
53	6	innkeeper	8.96059
53	7	recited	13.5175
53	8	a	2.43104
53	9	verse	10.6084
53	10	by	4.02757
53	11	a	2.43451
53	12	travelling	15.6614
53	13	monk	8.72758
53	14	.	1.88033
54	1	The	1.83688
54	2	play	8.56801
54	3	centered	10.2712
54	4	around	6.23737
54	5	an	4.51356
54	6	innkeeper	8.99151
54	7	sung	9.69862
54	8	a	5.29334
54	9	verse	9.83281
54	10	by	2.94829
54	11	a	1.78304
54	12	travelling	15.7736
54	13	monk	8.92236
54	14	.	0.89346
55	1	The	1.84444
55	2	play	8.55677
55	3	centered	10.2985
55	4	around	6.42135
55	5	an	4.18847
55	6	innkeeper	8.94448
55	7	who	1.75359
55	8	was	2.98255
55	9	recited	11.7885
55	10	a	3.30811
55	11	verse	10.632
55	12	by	4.12122
55	13	a	2.19116
55	14	travelling	15.6514
55	15	monk	8.91597
55	16	.	1.66058
56	1	The	1.85482
56	2	play	8.49758
56	3	centered	10.1797
56	4	around	6.31848
56	5	an	4.36676
56	6	innkeeper	8.95893
56	7	who	2.07955
56	8	was	2.97536
56	9	sung	8.33763
56	10	a	5.16253
56	11	verse	9.94272
56	12	by	3.80851
56	13	a	1.78524
56	14	travelling	15.8568
56	15	monk	8.92136
56	16	.	1.55912
57	1	The	1.88487
57	2	hotel	7.82271
57	3	owner	7.21457
57	4	questioned	9.33403
57	5	a	3.57764
57	6	guest	9.65386
57	7	brought	8.55489
57	8	a	3.85333
57	9	drink	8.46876
57	10	by	4.62078
57	11	the	1.7052
57	12	UNK-LC-y	9.44838
57	13	.	3.21111
58	1	The	1.86336
58	2	hotel	7.80422
58	3	owner	7.14321
58	4	questioned	9.28223
58	5	a	3.60671
58	6	guest	9.6662
58	7	taken	7.94891
58	8	a	4.65639
58	9	drink	7.91087
58	10	by	3.943
58	11	the	2.01394
58	12	UNK-LC-y	9.25424
58	13	.	3.49672
59	1	The	1.99945
59	2	hotel	7.82529
59	3	owner	7.15875
59	4	questioned	9.47112
59	5	a	3.58919
59	6	guest	9.58048
59	7	who	3.53212
59	8	was	2.65196
59	9	brought	6.28152
59	10	a	4.09942
59	11	drink	8.58424
59	12	by	4.1888
59	13	the	1.66117
59	14	UNK-LC-y	9.29701
59	15	.	3.45278
60	1	The	1.95969
60	2	hotel	7.75364
60	3	owner	7.12755
60	4	questioned	9.08086
60	5	a	3.57896
60	6	guest	9.57743
60	7	who	3.02008
60	8	was	2.60466
60	9	taken	5.27368
60	10	a	3.8221
60	11	drink	8.30966
60	12	by	3.92847
60	13	the	1.84657
60	14	UNK-LC-y	9.34686
60	15	.	1.89628
61	1	The	2.03339
61	2	coach	10.8109
61	3	smiled	8.89501
61	4	at	3.6933
61	5	the	1.20629
61	6	player	11.6921
61	7	tossed	11.9738
61	8	a	3.30476
61	9	UNK-LC	6.46524
61	10	by	5.63336
61	11	the	1.65583
61	12	opposing	10.3493
61	13	team	5.56011
61	14	.	5.31118
62	1	The	2.07427
62	2	coach	10.8583
62	3	smiled	8.9315
62	4	at	3.75842
62	5	the	1.19899
62	6	player	11.5672
62	7	thrown	10.7527
62	8	a	5.21802
62	9	UNK-LC	6.48561
62	10	by	4.60396
62	11	the	1.39832
62	12	opposing	10.0598
62	13	team	6.06255
62	14	.	4.70697
63	1	The	1.841
63	2	coach	10.8156
63	3	smiled	9.07311
63	4	at	4.07128
63	5	the	1.21575
63	6	player	11.8343
63	7	who	14.0733
63	8	was	4.22755
63	9	tossed	8.84455
63	10	a	6.37038
63	11	UNK-LC	6.55177
63	12	by	4.92544
63	13	the	2.11277
63	14	opposing	10.2109
63	15	team	5.98897
63	16	.	0.914838
64	1	The	1.8559
64	2	coach	10.802
64	3	smiled	9.10088
64	4	at	3.65114
64	5	the	1.26767
64	6	player	11.6278
64	7	who	3.97854
64	8	was	2.89052
64	9	thrown	6.44694
64	10	a	4.73526
64	11	UNK-LC	6.60653
64	12	by	4.77164
64	13	the	1.6189
64	14	opposing	10.0067
64	15	team	6.08539
64	16	.	0.754967
65	1	The	2.08418
65	2	anthropologist	13.5182
65	3	interviewed	8.85253
65	4	a	3.39587
65	5	woman	4.4411
65	6	knitted	16.8474
65	7	a	6.01154
65	8	shawl	12.1919
65	9	by	5.54371
65	10	her	4.95911
65	11	mother	4.69278
65	12	.	1.23907
66	1	The	1.78553
66	2	anthropologist	13.6518
66	3	interviewed	9.56426
66	4	a	2.43095
66	5	woman	4.20325
66	6	woven	11.5176
66	7	a	4.54247
66	8	shawl	12.6939
66	9	by	4.91072
66	10	her	3.86533
66	11	mother	4.52707
66	12	.	2.73262
67	1	The	2.02786
67	2	anthropologist	13.531
67	3	interviewed	9.55848
67	4	a	2.27529
67	5	woman	4.06117
67	6	who	1.62776
67	7	was	2.63364
67	8	knitted	15.3073
67	9	a	5.32353
67	10	shawl	12.6881
67	11	by	5.78282
67	12	her	4.42287
67	13	mother	4.60692
67	14	.	1.93729
68	1	The	1.86278
68	2	anthropologist	13.514
68	3	interviewed	8.72177
68	4	a	3.47475
68	5	woman	3.98024
68	6	who	1.5785
68	7	was	2.69454
68	8	woven	10.1145
68	9	a	4.63337
68	10	shawl	12.7037
68	11	by	5.16418
68	12	her	3.83516
68	13	mother	4.60154
68	14	.	2.7694
69	1	The	2.09589
69	2	FBI	8.05481
69	3	questioned	8.63564
69	4	a	3.59226
69	5	congressman	9.15832
69	6	mailed	14.0367
69	7	a	3.09044
69	8	letter	2.97816
69	9	by	4.38007
69	10	the	1.58026
69	11	activist	9.67054
69	12	.	3.21868
70	1	The	2.05389
70	2	FBI	8.0225
70	3	questioned	8.4434
70	4	a	3.58789
70	5	congressman	9.26557
70	6	written	12.2891
70	7	a	6.02407
70	8	letter	4.59295
70	9	by	2.83549
70	10	the	1.51967
70	11	activist	9.37081
70	12	.	2.81288
71	1	The	1.93272
71	2	FBI	7.9752
71	3	questioned	8.80627
71	4	a	3.33913
71	5	congressman	9.23732
71	6	who	3.00183
71	7	was	2.39469
71	8	mailed	9.82448
71	9	a	2.52434
71	10	letter	3.09352
71	11	by	4.28226
71	12	the	1.44022
71	13	activist	9.62436
71	14	.	4.59866
72	1	The	1.77563
72	2	FBI	8.00367
72	3	questioned	8.47209
72	4	a	3.65304
72	5	congressman	9.20216
72	6	who	3.00182
72	7	was	2.39425
72	8	written	8.3827
72	9	a	7.28613
72	10	letter	4.26336
72	11	by	3.41868
72	12	the	1.63658
72	13	activist	9.19116
72	14	.	2.52432
73	1	The	1.92089
73	2	UNK-LC	8.56192
73	3	teased	14.0928
73	4	the	1.97121
73	5	accountant	11.9971
73	6	saved	13.7552
73	7	a	2.53298
73	8	coupon	9.93754
73	9	by	3.90787
73	10	her	6.24268
73	11	boss	5.26904
73	12	.	1.77002
74	1	The	1.86601
74	2	UNK-LC	8.66537
74	3	teased	13.9333
74	4	the	2.18621
74	5	accountant	11.8931
74	6	given	9.36312
74	7	a	1.99374
74	8	coupon	10.6466
74	9	by	5.02652
74	10	her	5.2174
74	11	boss	5.04398
74	12	.	1.55475
75	1	The	2.06677
75	2	UNK-LC	8.48247
75	3	teased	14.2886
75	4	the	2.16302
75	5	accountant	12.0927
75	6	who	4.64155
75	7	was	2.87897
75	8	saved	7.88734
75	9	a	3.85092
75	10	coupon	10.9971
75	11	by	3.50407
75	12	her	4.89264
75	13	boss	4.97371
75	14	.	0.968089
76	1	The	1.94305
76	2	UNK-LC	8.56986
76	3	teased	14.1851
76	4	the	1.85397
76	5	accountant	12.0287
76	6	who	4.64154
76	7	was	2.95699
76	8	given	4.94347
76	9	a	1.70003
76	10	coupon	9.49223
76	11	by	5.05623
76	12	her	5.15846
76	13	boss	4.85404
76	14	.	1.60885
77	1	The	1.99505
77	2	prophet	12.8636
77	3	spoke	8.66198
77	4	of	1.84729
77	5	a	1.89562
77	6	man	5.83844
77	7	planted	9.97586
77	8	a	4.33379
77	9	tree	6.77725
77	10	by	4.7778
77	11	his	3.83878
77	12	daughter	5.59917
77	13	.	2.29785
78	1	The	1.89077
78	2	prophet	12.8979
78	3	spoke	8.38775
78	4	of	1.829
78	5	a	1.98519
78	6	man	5.84443
78	7	grown	11.6775
78	8	a	4.45935
78	9	tree	8.07861
78	10	by	4.26769
78	11	his	4.24161
78	12	daughter	5.64426
78	13	.	1.51463
79	1	The	1.90421
79	2	prophet	12.8497
79	3	spoke	8.58465
79	4	of	1.8325
79	5	a	1.97313
79	6	man	6.13826
79	7	who	1.12844
79	8	was	2.53891
79	9	planted	9.06824
79	10	a	4.63377
79	11	tree	6.30472
79	12	by	4.76635
79	13	his	3.63362
79	14	daughter	5.65395
79	15	.	2.29795
80	1	The	1.94751
80	2	prophet	12.8593
80	3	spoke	8.39655
80	4	of	1.79996
80	5	a	1.99534
80	6	man	5.85413
80	7	who	1.01392
80	8	was	2.5045
80	9	grown	8.78876
80	10	a	5.12607
80	11	tree	8.07154
80	12	by	3.87081
80	13	his	4.18237
80	14	daughter	5.76388
80	15	.	0.989336
