sentence_id	token_id	token	surprisal
1	1	The	1.67047
1	2	woman	8.3421
1	3	brought	7.39044
1	4	the	1.8917
1	5	sandwich	12.0103
1	6	from	3.22299
1	7	the	1.39861
1	8	kitchen	8.0779
1	9	fell	15.2909
1	10	in	3.21936
1	11	the	2.20698
1	12	dining	14.4714
1	13	room	3.7937
2	1	The	1.8967
2	2	woman	8.35113
2	3	who	12.4215
2	4	was	3.50743
2	5	brought	6.27135
2	6	the	4.44405
2	7	sandwich	11.2077
2	8	from	5.61984
2	9	the	1.38186
2	10	kitchen	8.51472
2	11	fell	14.8209
2	12	in	2.61387
2	13	the	1.92964
2	14	dining	16.1885
2	15	room	3.80284
3	1	The	1.64644
3	2	woman	8.3625
3	3	given	10.7736
3	4	the	1.60402
3	5	sandwich	12.1616
3	6	from	3.69937
3	7	the	1.7209
3	8	kitchen	8.75036
3	9	fell	17.7901
3	10	in	2.40324
3	11	the	2.32974
3	12	dining	17.2846
3	13	room	3.89972
4	1	The	1.67495
4	2	woman	8.4522
4	3	who	3.92483
4	4	was	3.11246
4	5	given	6.22271
4	6	the	2.00846
4	7	sandwich	13.255
4	8	from	3.33476
4	9	the	1.65766
4	10	kitchen	8.19141
4	11	fell	7.39773
4	12	in	3.21375
4	13	the	2.63607
4	14	dining	15.4923
4	15	room	3.99316
5	1	The	1.97122
5	2	convict	15.3002
5	3	walked	20.606
5	4	into	6.57629
5	5	the	1.38763
5	6	dark	7.67308
5	7	cell	12.0484
5	8	tried	10.661
5	9	to	0.466589
5	10	escape	6.80738
5	11	but	10.1306
5	12	failed	12.924
6	1	The	1.89607
6	2	convict	15.2817
6	3	who	13.9361
6	4	was	10.2833
6	5	walked	12.1579
6	6	into	2.19593
6	7	the	1.62115
6	8	dark	5.90166
6	9	cell	10.7919
6	10	tried	14.8459
6	11	to	2.80014
6	12	escape	7.07926
6	13	but	11.0667
6	14	failed	10.0519
7	1	The	1.84464
7	2	convict	15.3172
7	3	taken	16.7
7	4	into	7.50064
7	5	the	1.67717
7	6	dark	7.59896
7	7	cell	10.7557
7	8	tried	10.5295
7	9	to	0.418089
7	10	escape	6.80071
7	11	but	11.262
7	12	failed	10.9996
8	1	The	1.60432
8	2	convict	15.6063
8	3	who	11.8549
8	4	was	3.08781
8	5	taken	6.64549
8	6	into	4.09093
8	7	the	1.74817
8	8	dark	7.80186
8	9	cell	10.4526
8	10	tried	13.3231
8	11	to	0.854051
8	12	escape	6.57333
8	13	but	10.7426
8	14	failed	12.8963
9	1	The	1.7133
9	2	prisoners	14.3128
9	3	hit	10.7029
9	4	for	5.98445
9	5	hours	9.24761
9	6	and	9.77062
9	7	hours	10.6969
9	8	confessed	17.7624
9	9	to	3.89116
9	10	crimes	10.7914
9	11	they	12.1131
9	12	never	6.16092
9	13	committed	9.10169
10	1	The	1.86982
10	2	prisoners	14.3641
10	3	who	12.6537
10	4	were	6.70304
10	5	hit	7.52324
10	6	for	4.92851
10	7	hours	7.98769
10	8	and	3.57688
10	9	hours	8.85369
10	10	confessed	13.9092
10	11	to	0.0840816
10	12	crimes	10.5035
10	13	they	15.203
10	14	never	7.3966
10	15	committed	8.71923
11	1	The	1.84373
11	2	prisoners	18.1358
11	3	beaten	13.9777
11	4	for	3.63772
11	5	hours	8.83388
11	6	and	3.49148
11	7	hours	8.58771
11	8	confessed	15.1278
11	9	to	3.87052
11	10	crimes	10.1115
11	11	they	13.56
11	12	never	13.8912
11	13	committed	10.215
12	1	The	1.87675
12	2	prisoners	14.3641
12	3	who	12.4498
12	4	were	6.70484
12	5	beaten	8.95773
12	6	for	4.77324
12	7	hours	8.07975
12	8	and	3.32633
12	9	hours	8.76293
12	10	confessed	15.513
12	11	to	0.0231432
12	12	crimes	10.7836
12	13	they	15.2958
12	14	never	8.61087
12	15	committed	8.04515
13	1	The	1.72522
13	2	business	8.43388
13	3	expanded	12.3965
13	4	into	4.84713
13	5	an	5.08035
13	6	empire	14.6994
13	7	was	12.4895
13	8	sold	8.66557
13	9	for	4.50962
13	10	billions	8.94921
13	11	of	0.0383748
13	12	dollars	2.02109
14	1	The	1.86993
14	2	business	8.66357
14	3	that	3.93749
14	4	was	3.35418
14	5	expanded	8.6141
14	6	into	4.46826
14	7	an	4.48438
14	8	empire	15.5273
14	9	was	14.7438
14	10	sold	12.945
14	11	for	5.22133
14	12	billions	11.0977
14	13	of	0.0374154
14	14	dollars	2.47053
15	1	The	1.78798
15	2	business	7.94912
15	3	grown	15.3859
15	4	into	8.87869
15	5	an	4.66857
15	6	empire	17.0676
15	7	was	12.8821
15	8	sold	9.16547
15	9	for	5.15286
15	10	billions	9.07736
15	11	of	0.0292715
15	12	dollars	2.06198
16	1	The	1.80625
16	2	business	7.93907
16	3	that	10.8635
16	4	was	7.23622
16	5	grown	8.34965
16	6	into	4.56963
16	7	an	4.03423
16	8	empire	17.5765
16	9	was	13.7993
16	10	sold	13.325
16	11	for	12.3123
16	12	billions	13.3792
16	13	of	5.64156
16	14	dollars	3.99291
17	1	The	1.72973
17	2	mice	13.7659
17	3	consumed	11.7012
17	4	rapidly	9.57727
17	5	and	4.86245
17	6	entirely	9.67099
17	7	were	12.3589
17	8	carrying	10.8862
17	9	a	4.83603
17	10	rare	7.57444
17	11	bacteria	10.8345
18	1	The	1.90743
18	2	mice	13.7165
18	3	that	10.2882
18	4	were	8.24461
18	5	consumed	8.92554
18	6	rapidly	8.09462
18	7	and	3.2936
18	8	entirely	5.06091
18	9	were	13.735
18	10	carrying	10.9054
18	11	a	4.89686
18	12	rare	7.23405
18	13	bacteria	10.4165
19	1	The	1.77759
19	2	mice	13.291
19	3	consumed	11.2996
19	4	rapidly	9.45989
19	5	and	2.99636
19	6	entirely	9.97244
19	7	were	9.16775
19	8	carrying	9.04512
19	9	a	2.09968
19	10	rare	7.23795
19	11	bacteria	10.4921
20	1	The	1.81606
20	2	mice	12.6319
20	3	that	4.73839
20	4	were	3.57944
20	5	consumed	8.16218
20	6	rapidly	7.74236
20	7	and	6.96667
20	8	entirely	7.01669
20	9	were	11.3944
20	10	carrying	9.98411
20	11	a	7.55475
20	12	rare	7.93132
20	13	bacteria	10.6081
21	1	The	1.71858
21	2	lawyer	10.3277
21	3	pledged	7.54364
21	4	to	1.60659
21	5	keep	4.42879
21	6	silent	11.5866
21	7	was	14.4071
21	8	discovered	14.6647
21	9	to	3.34788
21	10	have	5.66434
21	11	broken	7.91041
21	12	his	5.75524
21	13	promise	8.20282
22	1	The	1.83263
22	2	lawyer	11.2674
22	3	that	5.50888
22	4	was	3.28797
22	5	pledged	9.16301
22	6	to	1.68807
22	7	keep	5.04579
22	8	silent	11.4013
22	9	was	12.1505
22	10	discovered	8.2957
22	11	to	3.37035
22	12	have	4.18471
22	13	broken	7.61745
22	14	his	6.16132
22	15	promise	8.23606
23	1	The	1.6243
23	2	lawyer	10.3174
23	3	committed	14.7071
23	4	to	1.15707
23	5	keep	15.0638
23	6	silent	14.3952
23	7	was	3.43947
23	8	discovered	7.78937
23	9	to	3.74336
23	10	have	3.87608
23	11	broken	8.08273
23	12	his	5.13007
23	13	promise	6.89656
24	1	The	1.77784
24	2	lawyer	10.3661
24	3	who	4.76853
24	4	was	4.07644
24	5	committed	7.31596
24	6	to	0.310084
24	7	keep	14.3123
24	8	silent	14.4267
24	9	was	13.1403
24	10	discovered	9.05979
24	11	to	4.98995
24	12	have	13.3842
24	13	broken	9.17236
24	14	his	9.52949
24	15	promise	9.14718
25	1	The	1.6048
25	2	child	11.2864
25	3	kicked	9.91995
25	4	in	2.8214
25	5	the	2.5434
25	6	chaos	10.6622
25	7	found	15.4736
25	8	her	9.17611
25	9	way	5.90464
25	10	back	8.51304
25	11	home	5.64049
26	1	The	1.83296
26	2	child	11.0705
26	3	who	12.5917
26	4	was	3.91265
26	5	kicked	9.17303
26	6	in	2.50107
26	7	the	5.17119
26	8	chaos	10.8471
26	9	found	15.7976
26	10	her	8.46838
26	11	way	6.72372
26	12	back	7.3515
26	13	home	6.86177
27	1	The	1.88742
27	2	child	11.4589
27	3	forgotten	11.5896
27	4	in	2.77842
27	5	the	2.02626
27	6	chaos	12.1796
27	7	found	15.773
27	8	her	8.68451
27	9	way	6.32703
27	10	back	9.91609
27	11	home	5.57598
28	1	The	1.6495
28	2	child	11.0707
28	3	who	12.8566
28	4	was	4.3191
28	5	forgotten	8.94269
28	6	in	2.51363
28	7	the	2.06655
28	8	chaos	12.271
28	9	found	15.2016
28	10	her	9.37057
28	11	way	8.37514
28	12	back	8.4481
28	13	home	8.06977
29	1	The	1.82055
29	2	horses	12.7036
29	3	UNK-LC-ed	6.0639
29	4	past	8.19871
29	5	the	5.58071
29	6	barn	10.7043
29	7	fell	15.0901
29	8	into	4.2391
29	9	a	2.09045
29	10	swamp	14.6622
30	1	The	1.76016
30	2	horses	13.2984
30	3	that	9.83047
30	4	were	7.18957
30	5	UNK-LC-ed	3.9973
30	6	past	8.83657
30	7	the	2.75662
30	8	barn	9.0741
30	9	fell	15.0011
30	10	into	3.95711
30	11	a	2.55505
30	12	swamp	14.1718
31	1	The	1.85333
31	2	horses	13.9153
31	3	taken	17.9041
31	4	past	7.61626
31	5	the	2.10312
31	6	barn	8.89369
31	7	fell	7.16903
31	8	into	3.6305
31	9	a	1.72061
31	10	swamp	13.5008
32	1	The	1.83971
32	2	horses	12.7098
32	3	that	10.4085
32	4	were	8.37804
32	5	taken	7.9711
32	6	past	9.27835
32	7	the	4.45566
32	8	barn	8.87819
32	9	fell	15.4462
32	10	into	8.64003
32	11	a	1.9078
32	12	swamp	14.8284
33	1	The	1.63769
33	2	artist	10.0972
33	3	painted	9.6646
33	4	a	1.70963
33	5	impressionist	15.5985
33	6	portrait	15.5031
33	7	was	14.9367
33	8	impressed	16.6707
33	9	with	12.8244
33	10	the	6.32982
33	11	work	8.22426
34	1	The	1.6741
34	2	artist	10.1224
34	3	who	12.6866
34	4	was	12.4511
34	5	painted	12.9896
34	6	a	4.0216
34	7	impressionist	15.6572
34	8	portrait	13.2604
34	9	was	14.4934
34	10	impressed	10.4288
34	11	with	1.63017
34	12	the	1.84114
34	13	work	7.90447
35	1	The	1.85496
35	2	artist	10.1136
35	3	drawn	10.7081
35	4	a	2.46159
35	5	impressionist	16.1256
35	6	portrait	12.1418
35	7	was	12.3578
35	8	impressed	11.3904
35	9	with	2.07508
35	10	the	1.90034
35	11	work	7.18548
36	1	The	1.69908
36	2	artist	9.19345
36	3	who	3.91891
36	4	was	4.18452
36	5	drawn	8.02343
36	6	a	5.58058
36	7	impressionist	16.2798
36	8	portrait	12.6617
36	9	was	4.29228
36	10	impressed	7.41522
36	11	with	2.37494
36	12	the	1.86318
36	13	work	7.13675
37	1	The	1.66601
37	2	car	9.15862
37	3	steered	19.2734
37	4	into	5.56628
37	5	the	1.20998
37	6	parking	9.27555
37	7	lot	4.26436
37	8	crashed	17.1629
37	9	into	5.89468
37	10	a	3.02828
37	11	concrete	6.35853
37	12	wall	4.68221
38	1	The	1.65844
38	2	car	9.15982
38	3	that	10.277
38	4	was	3.22869
38	5	steered	10.761
38	6	into	2.39528
38	7	the	1.61776
38	8	parking	7.42698
38	9	lot	3.88886
38	10	crashed	16.4334
38	11	into	6.68973
38	12	a	1.7852
38	13	concrete	7.188
38	14	wall	5.54469
39	1	The	1.83921
39	2	car	9.17929
39	3	driven	12.3037
39	4	into	5.3852
39	5	the	1.40602
39	6	parking	7.6317
39	7	lot	3.5413
39	8	crashed	14.409
39	9	into	6.58502
39	10	a	1.7718
39	11	concrete	7.66117
39	12	wall	5.71632
40	1	The	1.77136
40	2	car	9.04704
40	3	that	15.336
40	4	was	11.8977
40	5	driven	11.6574
40	6	into	6.52962
40	7	the	1.62254
40	8	parking	9.64081
40	9	lot	3.65562
40	10	crashed	17.1945
40	11	into	15.0397
40	12	a	4.50542
40	13	concrete	8.78842
40	14	wall	6.48715
41	1	The	1.81283
41	2	campaign	7.60451
41	3	intended	9.58802
41	4	to	0.0512037
41	5	be	3.18569
41	6	very	8.96174
41	7	popular	11.893
41	8	was	13.3437
41	9	still	9.49285
41	10	unsuccessful	6.80917
42	1	The	1.69211
42	2	campaign	7.13765
42	3	that	2.89314
42	4	was	3.09203
42	5	intended	7.44545
42	6	to	0.149472
42	7	be	2.62476
42	8	very	9.37543
42	9	popular	7.46781
42	10	was	3.46346
42	11	still	5.5578
42	12	unsuccessful	9.11542
43	1	The	1.79637
43	2	campaign	7.36584
43	3	known	10.7444
43	4	to	3.77368
43	5	be	2.43706
43	6	very	7.59442
43	7	popular	7.01225
43	8	was	13.1948
43	9	still	8.05845
43	10	unsuccessful	15.8686
44	1	The	1.76304
44	2	campaign	7.23501
44	3	that	3.9969
44	4	was	3.07022
44	5	known	6.79429
44	6	to	2.0004
44	7	be	10.6442
44	8	very	8.824
44	9	popular	6.80918
44	10	was	3.33491
44	11	still	5.41626
44	12	unsuccessful	9.91953
45	1	The	1.88899
45	2	student	10.0249
45	3	composed	12.4216
45	4	a	5.25264
45	5	carefully	8.35829
45	6	worded	8.9967
45	7	excuse	10.696
45	8	forgot	15.4121
45	9	to	2.15883
45	10	give	5.18549
45	11	it	2.31845
45	12	to	2.57227
45	13	the	1.41299
45	14	teacher	11.4235
46	1	The	1.66006
46	2	student	10.0002
46	3	who	13.0705
46	4	was	4.8754
46	5	composed	8.00589
46	6	a	7.10642
46	7	carefully	9.63631
46	8	worded	8.56031
46	9	excuse	11.4002
46	10	forgot	12.8058
46	11	to	2.36238
46	12	give	14.0701
46	13	it	7.78423
46	14	to	3.44914
46	15	the	11.7242
46	16	teacher	11.2829
47	1	The	1.77934
47	2	student	9.99018
47	3	written	10.6472
47	4	a	2.91726
47	5	carefully	14.6422
47	6	worded	16.0056
47	7	excuse	15.2242
47	8	forgot	15.921
47	9	to	2.72928
47	10	give	12.3569
47	11	it	2.5398
47	12	to	3.61052
47	13	the	1.44934
47	14	teacher	11.1647
48	1	The	1.80824
48	2	student	10.02
48	3	who	12.5688
48	4	was	12.5478
48	5	written	10.9817
48	6	a	1.42723
48	7	carefully	8.64192
48	8	worded	9.48778
48	9	excuse	9.89402
48	10	forgot	14.6042
48	11	to	3.16317
48	12	give	5.11574
48	13	it	2.44295
48	14	to	3.31238
48	15	the	1.48365
48	16	teacher	11.1468
49	1	The	1.80146
49	2	television	8.58107
49	3	show	5.12203
49	4	started	10.5532
49	5	three	9.2208
49	6	weeks	4.1436
49	7	ago	6.57945
49	8	was	2.72628
49	9	canceled	7.39959
49	10	immediately	13.2644
50	1	The	1.76711
50	2	television	8.75469
50	3	show	4.78039
50	4	that	11.9122
50	5	was	11.2446
50	6	started	9.47075
50	7	three	7.09891
50	8	weeks	2.16467
50	9	ago	0.0529446
50	10	was	12.847
50	11	canceled	13.1793
50	12	immediately	12.285
51	1	The	1.72041
51	2	television	8.59162
51	3	show	5.13218
51	4	begun	9.26376
51	5	three	9.06911
51	6	weeks	5.82885
51	7	ago	3.94956
51	8	was	2.60489
51	9	canceled	7.20333
51	10	immediately	15.2946
52	1	The	1.67003
52	2	television	9.12082
52	3	show	4.91315
52	4	that	12.4479
52	5	was	6.63231
52	6	begun	9.31625
52	7	three	7.85135
52	8	weeks	3.88348
52	9	ago	8.19836
52	10	was	11.2246
52	11	canceled	11.9183
52	12	immediately	13.4324
53	1	The	1.94947
53	2	boys	9.96779
53	3	performed	10.2437
53	4	an	6.04276
53	5	unsolicited	8.26548
53	6	favor	14.1164
53	7	appreciated	13.1633
53	8	the	7.64489
53	9	person	8.59015
53	10	who	4.93195
53	11	helped	5.53767
53	12	them	4.54313
54	1	The	1.74774
54	2	boys	9.64045
54	3	who	2.1543
54	4	were	3.20469
54	5	performed	9.11587
54	6	an	9.74593
54	7	unsolicited	12.9679
54	8	favor	14.2575
54	9	appreciated	15.6646
54	10	the	9.76688
54	11	person	11.6853
54	12	who	3.52946
54	13	helped	5.41131
54	14	them	4.87617
55	1	The	1.86807
55	2	boys	9.97784
55	3	done	11.0802
55	4	an	3.68137
55	5	unsolicited	8.57373
55	6	favor	13.1393
55	7	appreciated	17.3277
55	8	the	5.69142
55	9	person	5.89689
55	10	who	15.9841
55	11	helped	12.82
55	12	them	7.84394
56	1	The	1.83525
56	2	boys	10.008
56	3	who	11.5375
56	4	were	4.58994
56	5	done	6.77193
56	6	an	6.81591
56	7	unsolicited	8.59794
56	8	favor	12.164
56	9	appreciated	16.6778
56	10	the	3.43183
56	11	person	7.67414
56	12	who	10.4291
56	13	helped	12.7143
56	14	them	7.31844
57	1	The	1.63301
57	2	player	12.2791
57	3	tossed	10.1466
57	4	the	1.65776
57	5	baseball	7.21609
57	6	dropped	18.9455
57	7	it	11.0626
57	8	on	3.04513
57	9	the	1.39387
57	10	ground	6.01015
58	1	The	1.74018
58	2	player	11.6969
58	3	who	14.3516
58	4	was	3.46093
58	5	tossed	8.57998
58	6	the	5.61651
58	7	baseball	8.78605
58	8	dropped	16.9675
58	9	it	11.1079
58	10	on	5.86923
58	11	the	1.03572
58	12	ground	6.80135
59	1	The	1.77354
59	2	player	12.2691
59	3	thrown	10.4469
59	4	the	2.71445
59	5	baseball	7.01547
59	6	dropped	18.6527
59	7	it	11.2689
59	8	on	2.94758
59	9	the	1.29312
59	10	ground	6.06331
60	1	The	1.62411
60	2	player	12.1437
60	3	who	14.1995
60	4	was	3.29986
60	5	thrown	6.86737
60	6	the	5.28249
60	7	baseball	7.05078
60	8	dropped	17.2533
60	9	it	10.5946
60	10	on	3.56973
60	11	the	1.18539
60	12	ground	5.9112
61	1	The	1.97457
61	2	child	8.97438
61	3	jumped	18.4336
61	4	past	9.86117
61	5	the	9.98627
61	6	swings	15.7682
61	7	was	3.33086
61	8	upset	8.33476
61	9	about	1.90334
61	10	it	6.40741
62	1	The	1.85876
62	2	child	11.1756
62	3	who	13.6434
62	4	was	6.94677
62	5	jumped	12.8326
62	6	past	9.10147
62	7	the	6.72865
62	8	swings	12.8687
62	9	was	13.3802
62	10	upset	11.8785
62	11	about	1.84014
62	12	it	4.93342
63	1	The	1.87807
63	2	child	11.4101
63	3	led	7.00585
63	4	past	8.61585
63	5	the	3.56029
63	6	swings	12.249
63	7	was	14.0348
63	8	upset	10.0636
63	9	about	1.60441
63	10	it	5.9758
64	1	The	1.86473
64	2	child	11.4101
64	3	who	13.9973
64	4	was	3.98864
64	5	led	7.88125
64	6	past	9.99528
64	7	the	7.40601
64	8	swings	14.2444
64	9	was	16.5343
64	10	upset	13.3482
64	11	about	4.97099
64	12	it	6.96236
65	1	The	1.66667
65	2	students	12.4861
65	3	prepared	11.4024
65	4	a	2.87654
65	5	fancy	8.83256
65	6	dinner	9.88987
65	7	ate	16.8758
65	8	the	4.3101
65	9	meal	11.155
65	10	quickly	8.96539
66	1	The	1.76215
66	2	students	12.1407
66	3	who	1.4044
66	4	were	3.42887
66	5	prepared	7.28557
66	6	a	7.76222
66	7	fancy	8.42429
66	8	dinner	10.342
66	9	ate	11.42
66	10	the	2.27509
66	11	meal	11.7436
66	12	quickly	7.14987
67	1	The	1.93923
67	2	students	12.483
67	3	gotten	13.0573
67	4	a	2.79863
67	5	fancy	8.48903
67	6	dinner	10.3911
67	7	ate	16.0289
67	8	the	3.85104
67	9	meal	11.9688
67	10	quickly	13.2484
68	1	The	1.87794
68	2	students	12.3743
68	3	who	12.3401
68	4	were	4.85305
68	5	gotten	10.0366
68	6	a	4.23361
68	7	fancy	8.43191
68	8	dinner	10.3306
68	9	ate	15.8871
68	10	the	1.95285
68	11	meal	11.6301
68	12	quickly	10.1445
69	1	The	1.75796
69	2	infant	11.0187
69	3	fed	12.919
69	4	during	15.1336
69	5	the	1.54374
69	6	night	8.75726
69	7	yelled	15.8354
69	8	intensely	13.121
70	1	The	1.72621
70	2	infant	11.0098
70	3	that	14.4159
70	4	was	4.23145
70	5	fed	8.3996
70	6	during	8.67402
70	7	the	1.11498
70	8	night	7.19173
70	9	yelled	15.5371
70	10	intensely	12.7901
71	1	The	1.98705
71	2	infant	11.3187
71	3	aroused	12.0329
71	4	during	6.99767
71	5	the	0.662878
71	6	night	6.61878
71	7	yelled	11.2196
71	8	intensely	8.83708
72	1	The	2.03153
72	2	infant	10.9892
72	3	that	10.4552
72	4	was	6.30169
72	5	aroused	8.58039
72	6	during	5.98003
72	7	the	1.00893
72	8	night	7.08092
72	9	yelled	15.8402
72	10	intensely	12.8238
73	1	The	1.76933
73	2	refugee	10.7038
73	3	sheltered	15.8738
73	4	in	4.51747
73	5	the	14.1898
73	6	basement	10.908
73	7	departed	14.1162
73	8	during	10.8391
73	9	the	12.8514
73	10	night	8.78375
74	1	The	1.78035
74	2	refugee	11.5235
74	3	who	13.3962
74	4	was	2.97003
74	5	sheltered	12.4658
74	6	in	1.40611
74	7	the	2.00732
74	8	basement	10.6797
74	9	departed	16.1003
74	10	during	6.21896
74	11	the	0.909342
74	12	night	6.71992
75	1	The	1.9419
75	2	refugee	11.5202
75	3	hidden	11.7035
75	4	in	13.8944
75	5	the	10.7637
75	6	basement	11.8104
75	7	departed	13.253
75	8	during	8.33775
75	9	the	0.914286
75	10	night	6.34561
76	1	The	1.80997
76	2	refugee	11.5437
76	3	who	14.0838
76	4	was	2.95164
76	5	hidden	9.06951
76	6	in	2.03727
76	7	the	1.59321
76	8	basement	10.136
76	9	departed	16.8292
76	10	during	5.65669
76	11	the	0.983891
76	12	night	6.84543
77	1	The	1.80193
77	2	dog	11.6421
77	3	walked	8.7393
77	4	on	2.17591
77	5	the	4.75506
77	6	beach	9.4643
77	7	UNK-LC-ed	8.10016
77	8	after	4.66609
77	9	a	1.99979
77	10	bird	11.6267
78	1	The	1.76832
78	2	dog	11.4495
78	3	that	13.8429
78	4	was	3.2001
78	5	walked	10.8567
78	6	on	2.59534
78	7	the	6.41585
78	8	beach	8.92214
78	9	UNK-LC-ed	10.6577
78	10	after	4.66748
78	11	a	1.98286
78	12	bird	11.3184
79	1	The	1.92208
79	2	dog	11.655
79	3	seen	11.5457
79	4	on	6.28702
79	5	the	0.979334
79	6	beach	8.63571
79	7	UNK-LC-ed	8.73971
79	8	after	10.4171
79	9	a	5.46711
79	10	bird	14.1975
80	1	The	1.74713
80	2	dog	11.6421
80	3	that	11.3332
80	4	was	5.62519
80	5	seen	6.28573
80	6	on	4.58535
80	7	the	1.03877
80	8	beach	8.47634
80	9	UNK-LC-ed	13.3611
80	10	after	9.29182
80	11	a	5.86426
80	12	bird	11.4365
81	1	The	1.85431
81	2	ship	8.94202
81	3	steered	9.38578
81	4	off	4.33657
81	5	course	10.639
81	6	sank	15.7564
81	7	in	2.88609
81	8	the	1.5118
81	9	storm	7.92765
82	1	The	1.73984
82	2	ship	8.99191
82	3	that	12.9488
82	4	was	3.67426
82	5	steered	10.2161
82	6	off	4.00589
82	7	course	12.3886
82	8	sank	16.0654
82	9	in	5.80362
82	10	the	1.28801
82	11	storm	7.74846
83	1	The	1.9329
83	2	ship	8.90236
83	3	blown	12.8557
83	4	off	3.96769
83	5	course	14.4399
83	6	sank	17.3128
83	7	in	3.63418
83	8	the	1.34503
83	9	storm	7.74458
84	1	The	1.83032
84	2	ship	8.87161
84	3	that	3.54481
84	4	was	3.22382
84	5	blown	9.88636
84	6	off	2.89616
84	7	course	15.1731
84	8	sank	9.8389
84	9	in	4.09327
84	10	the	6.10277
84	11	storm	6.75602
85	1	The	1.67113
85	2	fans	11.3948
85	3	cheered	11.1037
85	4	at	7.48882
85	5	the	16.7288
85	6	concert	16.4904
85	7	took	13.0898
85	8	photos	17.8344
85	9	with	3.53117
85	10	their	5.59443
85	11	phones	8.67136
86	1	The	1.74413
86	2	fans	11.3847
86	3	that	10.5344
86	4	were	6.25791
86	5	cheered	7.75769
86	6	at	5.22882
86	7	the	11.0718
86	8	concert	12.9855
86	9	took	14.0168
86	10	photos	14.3383
86	11	with	4.43535
86	12	their	5.46924
86	13	phones	8.63566
87	1	The	1.79092
87	2	fans	11.3752
87	3	UNK-LC-ed	5.30135
87	4	at	3.92745
87	5	the	1.3345
87	6	concert	11.3366
87	7	took	13.4723
87	8	photos	10.0378
87	9	with	9.25274
87	10	their	5.75117
87	11	phones	8.66478
88	1	The	1.92833
88	2	fans	11.9078
88	3	that	3.7513
88	4	were	3.11891
88	5	UNK-LC-ed	4.0513
88	6	at	3.32151
88	7	the	1.26439
88	8	concert	9.66462
88	9	took	6.92888
88	10	photos	9.10214
88	11	with	3.85742
88	12	their	5.17442
88	13	phones	7.67993
89	1	The	1.8071
89	2	boat	11.4925
89	3	steered	9.65151
89	4	to	3.14293
89	5	the	1.25255
89	6	sea	9.00982
89	7	disappeared	12.5118
89	8	in	1.38118
89	9	the	1.25185
89	10	storm	9.78982
90	1	The	1.80575
90	2	boat	11.01
90	3	that	3.76377
90	4	was	3.59128
90	5	steered	10.6223
90	6	in	8.78253
90	7	the	1.50478
90	8	sea	8.37229
90	9	disappeared	10.3957
90	10	in	2.53914
90	11	the	1.48564
90	12	storm	9.47522
91	1	The	1.90749
91	2	boat	11.4897
91	3	sunk	16.5073
91	4	in	3.10148
91	5	the	6.48479
91	6	sea	11.1752
91	7	disappeared	14.4856
91	8	in	1.97625
91	9	the	1.58222
91	10	storm	8.42281
92	1	The	1.74466
92	2	boat	11.4969
92	3	that	11.6943
92	4	was	6.05507
92	5	sunk	13.4846
92	6	in	4.64316
92	7	the	1.56797
92	8	sea	9.13526
92	9	disappeared	15.3401
92	10	in	2.01911
92	11	the	1.2625
92	12	storm	8.13929
93	1	The	1.82762
93	2	couple	8.5245
93	3	bought	9.24406
93	4	the	5.98991
93	5	apartment	10.9669
93	6	moved	15.1668
93	7	to	0.799082
93	8	a	2.60059
93	9	different	9.024
93	10	city	5.32468
94	1	The	1.88812
94	2	couple	9.98796
94	3	that	9.36381
94	4	was	2.94324
94	5	bought	8.45114
94	6	the	9.33009
94	7	apartment	12.765
94	8	moved	15.592
94	9	to	1.06308
94	10	a	2.2933
94	11	different	7.98801
94	12	city	5.72567
95	1	The	1.87996
95	2	couple	8.60823
95	3	shown	17.3671
95	4	the	6.891
95	5	apartment	10.3627
95	6	moved	8.52885
95	7	to	1.68665
95	8	a	2.67723
95	9	different	8.02806
95	10	city	5.6215
96	1	The	1.73635
96	2	couple	8.58408
96	3	that	14.7108
96	4	was	11.6713
96	5	shown	10.7168
96	6	the	5.29732
96	7	apartment	9.6955
96	8	moved	9.57635
96	9	to	1.03308
96	10	a	1.935
96	11	different	6.39332
96	12	city	6.82821
97	1	The	1.81783
97	2	girl	11.684
97	3	made	5.29543
97	4	a	1.76326
97	5	new	4.43122
97	6	blanket	12.4468
97	7	lost	12.2067
97	8	it	8.85221
97	9	during	5.44758
97	10	the	0.973053
97	11	trip	7.75398
98	1	The	1.81838
98	2	girl	11.6923
98	3	who	11.7871
98	4	was	4.04334
98	5	made	6.37497
98	6	a	4.11249
98	7	new	3.5097
98	8	blanket	12.2795
98	9	lost	12.2812
98	10	it	9.1617
98	11	during	5.54953
98	12	the	1.06921
98	13	trip	8.74551
99	1	The	1.72744
99	2	girl	11.6587
99	3	given	10.7069
99	4	a	2.84401
99	5	new	4.06683
99	6	blanket	11.9394
99	7	lost	13.5546
99	8	it	9.7834
99	9	during	6.06712
99	10	the	1.09535
99	11	trip	7.72496
100	1	The	1.78549
100	2	girl	11.7123
100	3	who	11.4731
100	4	was	4.03927
100	5	given	5.41584
100	6	a	1.98861
100	7	new	3.49975
100	8	blanket	11.8343
100	9	lost	13.6941
100	10	it	12.8568
100	11	during	5.72515
100	12	the	1.15527
100	13	trip	8.58005
101	1	The	1.74728
101	2	airplane	18.574
101	3	landed	17.4545
101	4	in	11.0042
101	5	the	7.49053
101	6	mountains	13.9095
101	7	broke	7.44283
101	8	down	2.70535
101	9	during	5.78304
101	10	the	1.01351
101	11	ice	9.38899
101	12	storm	11.8632
102	1	The	1.89507
102	2	airplane	25.3247
102	3	that	12.6321
102	4	was	9.63333
102	5	landed	12.0341
102	6	in	2.08026
102	7	the	2.59268
102	8	mountains	11.8543
102	9	broke	14.5671
102	10	down	3.58105
103	1	The	1.68813
103	2	airplane	21.4934
103	3	flown	16.0723
103	4	in	2.78194
103	5	the	2.14361
103	6	mountains	13.4129
103	7	broke	6.99813
103	8	down	2.86143
103	9	during	6.22292
103	10	the	0.99641
103	11	ice	9.83721
103	12	storm	11.7477
104	1	The	1.82761
104	2	airplane	21.8022
104	3	that	16.9537
104	4	was	2.11535
104	5	flown	11.1384
104	6	in	4.62465
104	7	the	2.06773
104	8	mountains	13.5937
104	9	broke	13.4153
104	10	down	3.21192
104	11	during	7.50813
104	12	the	0.914102
104	13	ice	9.90694
104	14	storm	11.8579
105	1	The	1.67153
105	2	child	11.4303
105	3	carried	8.71228
105	4	down	3.77051
105	5	the	1.7722
105	6	hall	8.85213
105	7	yelled	16.8279
105	8	at	3.53661
105	9	the	1.30214
105	10	top	5.02483
105	11	of	0.840775
105	12	his	2.97263
105	13	lungs	8.20774
106	1	The	1.76896
106	2	child	11.4194
106	3	that	5.45466
106	4	was	9.07441
106	5	carried	12.9537
106	6	down	10.798
106	7	the	7.56986
106	8	hall	10.9849
106	9	yelled	9.83958
106	10	at	4.82237
106	11	the	9.72959
106	12	top	8.51449
106	13	of	5.57744
106	14	his	3.03636
106	15	lungs	8.38135
107	1	The	1.74632
107	2	child	11.2952
107	3	borne	14.1004
107	4	down	4.18717
107	5	the	2.41392
107	6	hall	9.11803
107	7	yelled	18.8217
107	8	at	3.9925
107	9	the	1.21197
107	10	top	5.21932
107	11	of	1.08926
107	12	his	2.85371
107	13	lungs	8.28641
108	1	The	1.73686
108	2	child	11.4194
108	3	that	11.5324
108	4	was	6.64836
108	5	borne	11.2384
108	6	down	5.70213
108	7	the	1.87751
108	8	hall	9.2489
108	9	yelled	16.0123
108	10	at	4.42767
108	11	the	1.33982
108	12	top	4.71094
108	13	of	0.930156
108	14	his	2.54731
108	15	lungs	8.20981
