sentence_id	token_id	token	surprisal
1	1	The	1.79975
1	2	woman	8.39998
1	3	brought	7.43713
1	4	the	1.84171
1	5	sandwich	11.7759
1	6	from	3.70255
1	7	the	1.58246
1	8	kitchen	8.37242
1	9	fell	15.075
1	10	in	3.80375
1	11	the	2.58491
1	12	dining	15.9021
1	13	room	4.02676
2	1	The	1.73874
2	2	woman	8.36232
2	3	who	12.6633
2	4	was	3.75816
2	5	brought	6.38969
2	6	the	3.54762
2	7	sandwich	11.8951
2	8	from	3.8672
2	9	the	1.64339
2	10	kitchen	8.76704
2	11	fell	15.1364
2	12	in	3.40176
2	13	the	2.26423
2	14	dining	15.4986
2	15	room	3.97573
3	1	The	1.81013
3	2	woman	8.36119
3	3	given	11.2945
3	4	the	1.51166
3	5	sandwich	12.1858
3	6	from	3.49811
3	7	the	1.91522
3	8	kitchen	8.19833
3	9	fell	14.8377
3	10	in	3.02507
3	11	the	2.16678
3	12	dining	15.2324
3	13	room	4.07736
4	1	The	1.74712
4	2	woman	8.40732
4	3	who	3.94901
4	4	was	3.01991
4	5	given	5.82717
4	6	the	1.85252
4	7	sandwich	12.1991
4	8	from	5.66091
4	9	the	1.30891
4	10	kitchen	8.28733
4	11	fell	9.32313
4	12	in	3.24242
4	13	the	2.84509
4	14	dining	15.8973
4	15	room	3.90353
5	1	The	1.84036
5	2	convict	15.5401
5	3	walked	12.4195
5	4	into	1.77681
5	5	the	1.70085
5	6	dark	5.44669
5	7	cell	11.3952
5	8	tried	13.703
5	9	to	1.8145
5	10	escape	6.68859
5	11	but	11.4518
5	12	failed	11.4209
6	1	The	1.85594
6	2	convict	15.3374
6	3	who	13.2956
6	4	was	5.48056
6	5	walked	12.1837
6	6	into	1.88763
6	7	the	1.55556
6	8	dark	6.24319
6	9	cell	10.7286
6	10	tried	13.9446
6	11	to	1.61444
6	12	escape	6.65119
6	13	but	10.7824
6	14	failed	9.57235
7	1	The	1.77843
7	2	convict	15.4089
7	3	taken	16.8457
7	4	into	9.14733
7	5	the	1.69349
7	6	dark	7.67018
7	7	cell	10.5257
7	8	tried	10.3931
7	9	to	0.331803
7	10	escape	6.7885
7	11	but	11.1308
7	12	failed	10.297
8	1	The	1.96805
8	2	convict	15.6156
8	3	who	12.0803
8	4	was	3.22888
8	5	taken	6.56135
8	6	into	3.92356
8	7	the	1.76212
8	8	dark	6.75843
8	9	cell	10.6355
8	10	tried	15.1391
8	11	to	1.01671
8	12	escape	6.71452
8	13	but	10.4881
8	14	failed	10.3122
9	1	The	1.76418
9	2	prisoners	14.3321
9	3	hit	8.47873
9	4	for	7.2907
9	5	hours	8.58117
9	6	and	1.42521
9	7	hours	13.322
9	8	confessed	12.2618
9	9	to	0.735715
9	10	crimes	11.0213
9	11	they	12.6032
9	12	never	7.62175
9	13	committed	6.86102
10	1	The	1.77584
10	2	prisoners	14.3081
10	3	who	12.7426
10	4	were	7.70162
10	5	hit	7.56396
10	6	for	4.50529
10	7	hours	7.94842
10	8	and	3.65502
10	9	hours	8.83524
10	10	confessed	15.4769
10	11	to	0.301559
10	12	crimes	10.6892
10	13	they	15.0831
10	14	never	7.76472
10	15	committed	7.91743
11	1	The	1.69401
11	2	prisoners	14.362
11	3	beaten	12.5677
11	4	for	4.74292
11	5	hours	8.92887
11	6	and	2.62625
11	7	hours	10.3733
11	8	confessed	11.0644
11	9	to	0.553802
11	10	crimes	11.1716
11	11	they	4.90434
11	12	never	8.30069
11	13	committed	7.12695
12	1	The	1.76165
12	2	prisoners	14.4533
12	3	who	5.72573
12	4	were	3.91092
12	5	beaten	8.94192
12	6	for	4.44845
12	7	hours	7.87523
12	8	and	2.89662
12	9	hours	9.5917
12	10	confessed	12.8146
12	11	to	0.29013
12	12	crimes	10.3191
12	13	they	14.0453
12	14	never	6.49546
12	15	committed	9.22328
13	1	The	1.90212
13	2	business	8.3269
13	3	expanded	8.94127
13	4	into	5.32107
13	5	an	3.88226
13	6	empire	14.2749
13	7	was	14.4104
13	8	sold	3.62186
13	9	for	2.57104
13	10	billions	9.0699
13	11	of	0.246162
13	12	dollars	2.1854
14	1	The	1.75673
14	2	business	8.12223
14	3	that	10.3119
14	4	was	5.79418
14	5	expanded	7.88117
14	6	into	5.4151
14	7	an	3.9721
14	8	empire	14.0393
14	9	was	14.4591
14	10	sold	4.02433
14	11	for	2.7203
14	12	billions	9.28642
14	13	of	0.0560293
14	14	dollars	2.20417
15	1	The	1.81376
15	2	business	8.19671
15	3	grown	15.4839
15	4	into	4.30022
15	5	an	4.52249
15	6	empire	17.0357
15	7	was	3.02739
15	8	sold	3.75958
15	9	for	2.52671
15	10	billions	8.73617
15	11	of	0.20944
15	12	dollars	2.21788
16	1	The	1.75358
16	2	business	7.9866
16	3	that	4.60939
16	4	was	3.36761
16	5	grown	7.86422
16	6	into	4.54984
16	7	an	4.67378
16	8	empire	16.7147
16	9	was	2.95588
16	10	sold	4.64066
16	11	for	2.69065
16	12	billions	8.75259
16	13	of	0.0648631
16	14	dollars	2.20192
17	1	The	1.7292
17	2	mice	13.2798
17	3	consumed	10.1001
17	4	rapidly	9.78769
17	5	and	3.27824
17	6	entirely	5.11224
17	7	were	5.7443
17	8	carrying	9.83048
17	9	a	2.21298
17	10	rare	7.09542
17	11	bacteria	10.5046
18	1	The	1.75613
18	2	mice	13.5154
18	3	that	5.05859
18	4	were	3.60584
18	5	consumed	8.23325
18	6	rapidly	8.42083
18	7	and	3.54424
18	8	entirely	6.54273
18	9	were	6.78659
18	10	carrying	9.31272
18	11	a	1.83725
18	12	rare	7.08525
18	13	bacteria	10.5184
19	1	The	1.92207
19	2	mice	12.9861
19	3	consumed	9.53514
19	4	rapidly	8.79132
19	5	and	4.7665
19	6	entirely	5.27236
19	7	were	5.74682
19	8	carrying	9.93849
19	9	a	1.78749
19	10	rare	7.27001
19	11	bacteria	10.5812
20	1	The	1.64138
20	2	mice	13.1915
20	3	that	5.52701
20	4	were	3.67816
20	5	consumed	8.29605
20	6	rapidly	7.98944
20	7	and	2.58959
20	8	entirely	11.1094
20	9	were	11.0805
20	10	carrying	9.03567
20	11	a	2.57579
20	12	rare	7.40201
20	13	bacteria	10.4404
21	1	The	1.70509
21	2	lawyer	10.433
21	3	pledged	8.25397
21	4	to	1.60529
21	5	keep	4.42787
21	6	silent	12.5326
21	7	was	15.4643
21	8	discovered	9.62161
21	9	to	5.23328
21	10	have	5.6856
21	11	broken	7.09831
21	12	his	5.88886
21	13	promise	7.51271
22	1	The	1.87909
22	2	lawyer	10.3065
22	3	that	14.0722
22	4	was	5.48874
22	5	pledged	9.90031
22	6	to	1.29639
22	7	keep	4.51221
22	8	silent	12.4666
22	9	was	16.9233
22	10	discovered	13.8657
22	11	to	4.00674
22	12	have	7.39978
22	13	broken	7.58363
22	14	his	6.34134
22	15	promise	7.99267
23	1	The	1.74267
23	2	lawyer	10.3987
23	3	committed	11.4105
23	4	to	4.19443
23	5	keep	14.1095
23	6	silent	11.2087
23	7	was	15.6701
23	8	discovered	10.134
23	9	to	5.23175
23	10	have	11.8664
23	11	broken	7.91648
23	12	his	5.64557
23	13	promise	7.78451
24	1	The	1.79854
24	2	lawyer	10.3783
24	3	who	12.5966
24	4	was	4.36902
24	5	committed	7.32561
24	6	to	0.181924
24	7	keep	14.1343
24	8	silent	14.3907
24	9	was	13.6036
24	10	discovered	13.8658
24	11	to	3.64044
24	12	have	5.18703
24	13	broken	8.03064
24	14	his	4.59281
24	15	promise	7.77762
25	1	The	1.65943
25	2	child	10.4813
25	3	kicked	10.9132
25	4	in	2.63644
25	5	the	2.53103
25	6	chaos	10.2613
25	7	found	13.8271
25	8	her	8.6991
25	9	way	7.90086
25	10	back	6.44781
25	11	home	10.6074
26	1	The	1.76742
26	2	child	10.0677
26	3	who	5.29691
26	4	was	3.5948
26	5	kicked	9.19731
26	6	in	2.29774
26	7	the	3.84363
26	8	chaos	11.3499
26	9	found	7.68909
26	10	her	5.77963
26	11	way	7.93801
26	12	back	7.68334
26	13	home	6.17379
27	1	The	1.78777
27	2	child	10.1179
27	3	forgotten	11.9261
27	4	in	2.80478
27	5	the	2.00578
27	6	chaos	11.8007
27	7	found	16.3575
27	8	her	6.67355
27	9	way	7.22963
27	10	back	8.33745
27	11	home	7.03386
28	1	The	1.78888
28	2	child	10.0343
28	3	who	13.0285
28	4	was	3.80557
28	5	forgotten	9.00405
28	6	in	2.20726
28	7	the	2.03473
28	8	chaos	11.361
28	9	found	15.8992
28	10	her	7.5669
28	11	way	6.70687
28	12	back	8.50572
28	13	home	8.10707
29	1	The	1.8551
29	2	horses	13.0908
29	3	UNK-LC-ed	6.05513
29	4	past	7.87853
29	5	the	3.65506
29	6	barn	9.23893
29	7	fell	14.7383
29	8	into	4.5388
29	9	a	2.02499
29	10	swamp	14.5108
30	1	The	1.71886
30	2	horses	13.3572
30	3	that	9.80316
30	4	were	7.74523
30	5	UNK-LC-ed	4.16157
30	6	past	7.60891
30	7	the	4.174
30	8	barn	9.1687
30	9	fell	9.995
30	10	into	3.53936
30	11	a	2.04132
30	12	swamp	14.1416
31	1	The	1.84194
31	2	horses	13.2462
31	3	taken	10.4081
31	4	past	8.45052
31	5	the	4.3183
31	6	barn	9.75065
31	7	fell	15.571
31	8	into	5.0244
31	9	a	1.92412
31	10	swamp	14.2077
32	1	The	1.81412
32	2	horses	13.5885
32	3	that	10.5829
32	4	were	8.08734
32	5	taken	5.25971
32	6	past	8.12024
32	7	the	3.79101
32	8	barn	8.91571
32	9	fell	14.3437
32	10	into	4.36346
32	11	a	1.96809
32	12	swamp	14.3438
33	1	The	1.76263
33	2	artist	9.73466
33	3	painted	10.1416
33	4	a	1.70625
33	5	impressionist	15.9458
33	6	portrait	11.5988
33	7	was	12.0336
33	8	impressed	9.5389
33	9	with	3.70513
33	10	the	1.71306
33	11	work	7.65814
34	1	The	1.89709
34	2	artist	9.90619
34	3	who	12.1327
34	4	was	5.09367
34	5	painted	8.56819
34	6	a	6.29047
34	7	impressionist	16.1911
34	8	portrait	12.0854
34	9	was	13.4191
34	10	impressed	12.4634
34	11	with	2.49755
34	12	the	1.87276
34	13	work	7.43439
35	1	The	1.7304
35	2	artist	9.89261
35	3	drawn	10.7918
35	4	a	2.54753
35	5	impressionist	16.2223
35	6	portrait	12.1029
35	7	was	12.1191
35	8	impressed	8.99151
35	9	with	1.90333
35	10	the	1.71057
35	11	work	7.26913
36	1	The	1.87547
36	2	artist	10.0074
36	3	who	12.7517
36	4	was	5.08227
36	5	drawn	7.62348
36	6	a	5.55269
36	7	impressionist	14.4524
36	8	portrait	11.492
36	9	was	12.0765
36	10	impressed	7.79243
36	11	with	2.21144
36	12	the	1.82577
36	13	work	7.27993
37	1	The	1.87517
37	2	car	8.87252
37	3	steered	11.8008
37	4	into	3.9395
37	5	the	1.51089
37	6	parking	7.7686
37	7	lot	3.97104
37	8	crashed	15.1195
37	9	into	7.42066
37	10	a	1.8963
37	11	concrete	7.42821
37	12	wall	5.1319
38	1	The	1.7827
38	2	car	9.13606
38	3	that	5.05291
38	4	was	3.01898
38	5	steered	10.5933
38	6	into	2.66535
38	7	the	1.5153
38	8	parking	7.35198
38	9	lot	3.72742
38	10	crashed	11.6525
38	11	into	4.16957
38	12	a	1.73894
38	13	concrete	8.01758
38	14	wall	5.69476
39	1	The	1.90651
39	2	car	8.88521
39	3	driven	11.6832
39	4	into	4.72684
39	5	the	1.35036
39	6	parking	7.66324
39	7	lot	3.55196
39	8	crashed	11.0794
39	9	into	4.48145
39	10	a	1.73061
39	11	concrete	8.10319
39	12	wall	5.72745
40	1	The	1.78854
40	2	car	8.99399
40	3	that	12.188
40	4	was	4.36536
40	5	driven	7.55
40	6	into	3.34352
40	7	the	1.61936
40	8	parking	7.6314
40	9	lot	3.38849
40	10	crashed	15.7973
40	11	into	10.0444
40	12	a	1.85367
40	13	concrete	8.27453
40	14	wall	5.87941
41	1	The	1.78442
41	2	campaign	7.37655
41	3	intended	9.22953
41	4	to	0.0618257
41	5	be	2.80786
41	6	very	8.87985
41	7	popular	7.52313
41	8	was	14.3453
41	9	still	8.42127
41	10	unsuccessful	12.0997
42	1	The	1.77509
42	2	campaign	7.52356
42	3	that	4.67812
42	4	was	3.13982
42	5	intended	7.1953
42	6	to	0.0610151
42	7	be	2.63576
42	8	very	9.24454
42	9	popular	7.78315
42	10	was	15.0063
42	11	still	7.8869
42	12	unsuccessful	10.3023
43	1	The	1.74185
43	2	campaign	7.47971
43	3	known	9.68082
43	4	to	3.12662
43	5	be	2.01448
43	6	very	7.86951
43	7	popular	7.25937
43	8	was	3.52231
43	9	still	5.43567
43	10	unsuccessful	8.1216
44	1	The	1.96491
44	2	campaign	7.49598
44	3	that	11.4716
44	4	was	7.88849
44	5	known	9.78058
44	6	to	2.58289
44	7	be	2.3266
44	8	very	7.51334
44	9	popular	8.02945
44	10	was	13.6622
44	11	still	9.32744
44	12	unsuccessful	7.93282
45	1	The	1.69564
45	2	student	10.0206
45	3	composed	12.0753
45	4	a	5.64429
45	5	carefully	10.3624
45	6	worded	9.10361
45	7	excuse	10.8211
45	8	forgot	17.5212
45	9	to	3.23208
45	10	give	7.1117
45	11	it	2.46035
45	12	to	2.8011
45	13	the	1.43976
45	14	teacher	11.5019
46	1	The	1.78614
46	2	student	10.0024
46	3	who	4.83139
46	4	was	3.25365
46	5	composed	6.71279
46	6	a	13.4729
46	7	carefully	8.21399
46	8	worded	8.8146
46	9	excuse	11.1325
46	10	forgot	13.6031
46	11	to	1.67774
46	12	give	5.36449
46	13	it	2.45061
46	14	to	3.10844
46	15	the	1.36944
46	16	teacher	11.5329
47	1	The	1.71286
47	2	student	10.0299
47	3	written	10.7351
47	4	a	3.0455
47	5	carefully	10.5327
47	6	worded	9.31233
47	7	excuse	10.3151
47	8	forgot	16.5273
47	9	to	3.30531
47	10	give	6.6042
47	11	it	2.42022
47	12	to	3.90665
47	13	the	1.48994
47	14	teacher	11.414
48	1	The	1.78357
48	2	student	10.0075
48	3	who	4.83137
48	4	was	3.29023
48	5	written	6.07697
48	6	a	4.85548
48	7	carefully	15.3422
48	8	worded	14.382
48	9	excuse	13.904
48	10	forgot	12.6867
48	11	to	4.42533
48	12	give	5.11841
48	13	it	2.41421
48	14	to	4.20756
48	15	the	1.48532
48	16	teacher	11.4164
49	1	The	1.8286
49	2	television	8.90151
49	3	show	5.03373
49	4	started	7.02966
49	5	three	6.77981
49	6	weeks	2.14252
49	7	ago	0.0556421
49	8	was	13.4457
49	9	canceled	8.84959
49	10	immediately	12.7316
50	1	The	1.87671
50	2	television	8.995
50	3	show	4.82862
50	4	that	4.04237
50	5	was	3.23684
50	6	started	8.15331
50	7	three	6.99509
50	8	weeks	2.55682
50	9	ago	0.0865521
50	10	was	12.2971
50	11	canceled	11.2029
50	12	immediately	10.7147
51	1	The	1.8078
51	2	television	8.7934
51	3	show	5.015
51	4	begun	9.41643
51	5	three	6.30207
51	6	weeks	2.79836
51	7	ago	0.0754556
51	8	was	2.61641
51	9	canceled	7.42439
51	10	immediately	13.662
52	1	The	1.81212
52	2	television	8.99209
52	3	show	5.00763
52	4	that	2.94342
52	5	was	3.23275
52	6	begun	8.51667
52	7	three	11.7541
52	8	weeks	2.49401
52	9	ago	6.2215
52	10	was	3.09377
52	11	canceled	7.14884
52	12	immediately	12.7921
53	1	The	1.82234
53	2	boys	9.83233
53	3	performed	10.44
53	4	an	6.98107
53	5	unsolicited	7.17124
53	6	favor	13.8508
53	7	appreciated	16.3941
53	8	the	3.18836
53	9	person	8.59242
53	10	who	3.35538
53	11	helped	5.82647
53	12	them	4.84829
54	1	The	1.92963
54	2	boys	9.92251
54	3	who	11.8985
54	4	were	4.92418
54	5	performed	9.46476
54	6	an	11.3279
54	7	unsolicited	12.0223
54	8	favor	13.2793
54	9	appreciated	14.6641
54	10	the	2.98894
54	11	person	6.06118
54	12	who	15.2264
54	13	helped	7.75225
54	14	them	5.18314
55	1	The	1.72091
55	2	boys	9.92529
55	3	done	10.4524
55	4	an	4.86688
55	5	unsolicited	8.25668
55	6	favor	12.9105
55	7	appreciated	13.1362
55	8	the	7.5347
55	9	person	9.20397
55	10	who	3.61786
55	11	helped	5.5339
55	12	them	4.74173
56	1	The	1.76534
56	2	boys	9.98911
56	3	who	2.69325
56	4	were	3.18368
56	5	done	6.72947
56	6	an	6.66401
56	7	unsolicited	8.923
56	8	favor	12.2403
56	9	appreciated	12.1549
56	10	the	3.0744
56	11	person	8.55441
56	12	who	5.06458
56	13	helped	6.1172
56	14	them	4.88064
57	1	The	1.90322
57	2	player	11.8124
57	3	tossed	11.1708
57	4	the	1.75536
57	5	baseball	7.39971
57	6	dropped	18.31
57	7	it	9.31174
57	8	on	3.36266
57	9	the	1.36579
57	10	ground	6.19957
58	1	The	1.79743
58	2	player	11.9589
58	3	who	6.8689
58	4	was	3.43131
58	5	tossed	7.75666
58	6	the	9.40153
58	7	baseball	9.73761
58	8	dropped	9.7448
58	9	it	5.14492
58	10	on	4.3369
58	11	the	1.72523
58	12	ground	5.85682
59	1	The	1.79338
59	2	player	11.9127
59	3	thrown	11.1774
59	4	the	2.80236
59	5	baseball	7.05884
59	6	dropped	18.8924
59	7	it	10.3327
59	8	on	3.2842
59	9	the	1.48312
59	10	ground	6.15652
60	1	The	1.84488
60	2	player	11.7396
60	3	who	5.85187
60	4	was	3.47413
60	5	thrown	7.05478
60	6	the	5.33033
60	7	baseball	7.09981
60	8	dropped	17.2765
60	9	it	10.6299
60	10	on	3.75965
60	11	the	1.12554
60	12	ground	6.10436
61	1	The	1.73743
61	2	child	9.75625
61	3	jumped	10.0894
61	4	past	10.2097
61	5	the	3.71268
61	6	swings	12.7532
61	7	was	13.0927
61	8	upset	10.2489
61	9	about	2.1061
61	10	it	5.8221
62	1	The	1.65362
62	2	child	9.59978
62	3	who	5.29652
62	4	was	3.55368
62	5	jumped	10.8635
62	6	past	9.08562
62	7	the	4.64869
62	8	swings	13.0907
62	9	was	4.11485
62	10	upset	7.78317
62	11	about	1.60283
62	12	it	6.41845
63	1	The	1.85648
63	2	child	10.1617
63	3	led	7.71155
63	4	past	8.54449
63	5	the	4.05478
63	6	swings	12.2876
63	7	was	14.9765
63	8	upset	9.50948
63	9	about	2.06593
63	10	it	5.584
64	1	The	1.60152
64	2	child	9.65929
64	3	who	5.29691
64	4	was	3.59184
64	5	led	7.70039
64	6	past	8.89914
64	7	the	8.71853
64	8	swings	12.8963
64	9	was	4.69792
64	10	upset	7.57199
64	11	about	1.78824
64	12	it	6.13951
65	1	The	1.67295
65	2	students	12.3879
65	3	prepared	11.1036
65	4	a	2.88386
65	5	fancy	8.12311
65	6	dinner	10.0557
65	7	ate	15.7707
65	8	the	3.79446
65	9	meal	11.7566
65	10	quickly	8.46436
66	1	The	1.70149
66	2	students	12.2986
66	3	who	2.09772
66	4	were	3.49651
66	5	prepared	7.05933
66	6	a	14.0737
66	7	fancy	9.07017
66	8	dinner	12.6523
66	9	ate	11.9704
66	10	the	2.24442
66	11	meal	11.7831
66	12	quickly	7.60234
67	1	The	1.7887
67	2	students	12.328
67	3	gotten	12.4374
67	4	a	2.96418
67	5	fancy	8.27278
67	6	dinner	10.516
67	7	ate	15.6104
67	8	the	3.01942
67	9	meal	11.6345
67	10	quickly	10.9745
68	1	The	1.89099
68	2	students	12.3483
68	3	who	11.5703
68	4	were	5.57809
68	5	gotten	9.95898
68	6	a	4.09389
68	7	fancy	8.32342
68	8	dinner	10.2078
68	9	ate	15.3039
68	10	the	3.89453
68	11	meal	11.4979
68	12	quickly	9.37639
69	1	The	1.78081
69	2	infant	10.9586
69	3	fed	11.824
69	4	during	13.2057
69	5	the	1.80662
69	6	night	7.19183
69	7	yelled	16.2988
69	8	intensely	13.9145
70	1	The	1.84474
70	2	infant	11.035
70	3	that	14.4019
70	4	was	4.95329
70	5	fed	8.47387
70	6	during	9.0698
70	7	the	1.07835
70	8	night	7.64406
70	9	yelled	16.0305
70	10	intensely	11.9652
71	1	The	1.89228
71	2	infant	11.092
71	3	aroused	12.0425
71	4	during	9.20978
71	5	the	1.06476
71	6	night	7.24394
71	7	yelled	15.9916
71	8	intensely	11.7366
72	1	The	1.80834
72	2	infant	11.003
72	3	that	13.9517
72	4	was	3.31749
72	5	aroused	8.48185
72	6	during	5.75713
72	7	the	0.91457
72	8	night	7.29217
72	9	yelled	18.2168
72	10	intensely	12.675
73	1	The	1.68956
73	2	refugee	11.2121
73	3	sheltered	16.4593
73	4	in	4.88297
73	5	the	1.75115
73	6	basement	9.7711
73	7	departed	10.4532
73	8	during	5.73477
73	9	the	0.983111
73	10	night	6.68804
74	1	The	1.86256
74	2	refugee	11.1928
74	3	who	14.1434
74	4	was	3.54048
74	5	sheltered	12.5546
74	6	in	1.88154
74	7	the	2.01385
74	8	basement	10.5005
74	9	departed	16.4929
74	10	during	6.46775
74	11	the	0.977122
74	12	night	6.71586
75	1	The	1.82167
75	2	refugee	11.2091
75	3	hidden	11.2252
75	4	in	5.91784
75	5	the	1.41265
75	6	basement	9.60123
75	7	departed	12.2796
75	8	during	6.53567
75	9	the	0.90097
75	10	night	6.6588
76	1	The	1.60849
76	2	refugee	11.2384
76	3	who	14.2675
76	4	was	3.34925
76	5	hidden	8.87457
76	6	in	2.25468
76	7	the	1.55158
76	8	basement	10.0318
76	9	departed	16.8172
76	10	during	5.7709
76	11	the	0.82362
76	12	night	6.3359
77	1	The	1.773
77	2	dog	11.6015
77	3	walked	8.96848
77	4	on	1.98095
77	5	the	1.53362
77	6	beach	8.34687
77	7	UNK-LC-ed	7.19685
77	8	after	4.5916
77	9	a	2.26248
77	10	bird	11.4957
78	1	The	1.85502
78	2	dog	11.5639
78	3	that	10.5545
78	4	was	3.85793
78	5	walked	11.2779
78	6	on	2.18848
78	7	the	1.20002
78	8	beach	7.95335
78	9	UNK-LC-ed	11.0602
78	10	after	4.43032
78	11	a	2.13783
78	12	bird	11.7415
79	1	The	1.90841
79	2	dog	11.5488
79	3	seen	11.403
79	4	on	5.37898
79	5	the	1.13746
79	6	beach	8.32028
79	7	UNK-LC-ed	10.2321
79	8	after	5.95622
79	9	a	2.24464
79	10	bird	11.6233
80	1	The	1.9058
80	2	dog	11.5964
80	3	that	10.7322
80	4	was	5.89383
80	5	seen	7.07425
80	6	on	4.69087
80	7	the	1.08675
80	8	beach	8.99716
80	9	UNK-LC-ed	11.5224
80	10	after	4.63174
80	11	a	2.54329
80	12	bird	11.6756
81	1	The	1.78166
81	2	ship	8.94057
81	3	steered	9.67098
81	4	off	4.63208
81	5	course	9.80397
81	6	sank	15.3797
81	7	in	4.47086
81	8	the	1.93182
81	9	storm	8.00593
82	1	The	1.66332
82	2	ship	8.78595
82	3	that	14.6925
82	4	was	4.42158
82	5	steered	10.2179
82	6	off	4.10928
82	7	course	8.00911
82	8	sank	15.7568
82	9	in	3.85012
82	10	the	1.45769
82	11	storm	8.45343
83	1	The	1.87151
83	2	ship	9.00482
83	3	blown	11.6887
83	4	off	3.07525
83	5	course	9.58891
83	6	sank	16.2934
83	7	in	5.08531
83	8	the	1.76287
83	9	storm	8.46974
84	1	The	1.88961
84	2	ship	8.89994
84	3	that	4.64418
84	4	was	3.2127
84	5	blown	9.82668
84	6	off	2.8989
84	7	course	8.30244
84	8	sank	11.2938
84	9	in	4.05499
84	10	the	1.9867
84	11	storm	8.49586
85	1	The	1.68983
85	2	fans	11.4279
85	3	cheered	11.2045
85	4	at	5.87033
85	5	the	1.38613
85	6	concert	10.8082
85	7	took	13.5522
85	8	photos	10.5922
85	9	with	8.60619
85	10	their	5.80178
85	11	phones	8.08462
86	1	The	1.80841
86	2	fans	11.4712
86	3	that	9.44968
86	4	were	6.55675
86	5	cheered	7.88719
86	6	at	4.76085
86	7	the	1.61246
86	8	concert	11.1667
86	9	took	13.6196
86	10	photos	10.5682
86	11	with	5.90424
86	12	their	5.31217
86	13	phones	7.71509
87	1	The	1.73377
87	2	fans	11.5531
87	3	UNK-LC-ed	5.262
87	4	at	4.40711
87	5	the	1.29565
87	6	concert	10.4231
87	7	took	13.6249
87	8	photos	11.1666
87	9	with	4.88941
87	10	their	5.52685
87	11	phones	7.99444
88	1	The	1.85938
88	2	fans	11.4912
88	3	that	5.15206
88	4	were	3.08016
88	5	UNK-LC-ed	3.88206
88	6	at	3.43172
88	7	the	1.19864
88	8	concert	10.0112
88	9	took	7.54602
88	10	photos	9.24657
88	11	with	5.15939
88	12	their	5.21651
88	13	phones	7.93255
89	1	The	1.7971
89	2	boat	11.2679
89	3	steered	9.91226
89	4	to	2.94939
89	5	the	1.35978
89	6	sea	9.16469
89	7	disappeared	13.364
89	8	in	1.75127
89	9	the	1.39606
89	10	storm	9.07279
90	1	The	1.73351
90	2	boat	11.2528
90	3	that	4.17002
90	4	was	3.49325
90	5	steered	10.6828
90	6	in	3.76676
90	7	the	2.7032
90	8	sea	8.22155
90	9	disappeared	10.5209
90	10	in	2.57119
90	11	the	1.63611
90	12	storm	7.91995
91	1	The	1.86484
91	2	boat	11.4344
91	3	sunk	15.8189
91	4	in	3.37354
91	5	the	2.1243
91	6	sea	8.8596
91	7	disappeared	10.8925
91	8	in	1.9834
91	9	the	1.41112
91	10	storm	8.47464
92	1	The	1.82149
92	2	boat	11.3121
92	3	that	4.86057
92	4	was	3.61432
92	5	sunk	11.7901
92	6	in	3.21313
92	7	the	1.48671
92	8	sea	9.28174
92	9	disappeared	10.7121
92	10	in	2.35176
92	11	the	1.49798
92	12	storm	8.51282
93	1	The	1.70593
93	2	couple	9.62853
93	3	bought	9.85679
93	4	the	2.51362
93	5	apartment	11.9417
93	6	moved	14.3953
93	7	to	1.13682
93	8	a	2.24542
93	9	different	7.91171
93	10	city	6.07112
94	1	The	1.67169
94	2	couple	9.44302
94	3	that	9.23796
94	4	was	3.29545
94	5	bought	8.32772
94	6	the	6.32232
94	7	apartment	11.2139
94	8	moved	14.9267
94	9	to	1.37297
94	10	a	2.60789
94	11	different	8.45352
94	12	city	5.75032
95	1	The	1.81524
95	2	couple	9.35948
95	3	shown	10.5901
95	4	the	3.55175
95	5	apartment	10.4576
95	6	moved	11.4181
95	7	to	1.41587
95	8	a	2.02916
95	9	different	6.81305
95	10	city	6.57183
96	1	The	1.65387
96	2	couple	9.56837
96	3	that	5.70355
96	4	was	4.26119
96	5	shown	7.30707
96	6	the	5.86282
96	7	apartment	9.59937
96	8	moved	11.3616
96	9	to	1.75435
96	10	a	2.07963
96	11	different	7.11124
96	12	city	6.45747
97	1	The	1.86043
97	2	girl	11.3501
97	3	made	5.532
97	4	a	2.08654
97	5	new	3.82902
97	6	blanket	11.8627
97	7	lost	13.2046
97	8	it	13.8639
97	9	during	5.83991
97	10	the	1.02195
97	11	trip	8.20504
98	1	The	1.67774
98	2	girl	11.0042
98	3	who	2.24326
98	4	was	3.97824
98	5	made	6.83474
98	6	a	5.44772
98	7	new	3.30054
98	8	blanket	12.0313
98	9	lost	10.3815
98	10	it	3.99098
98	11	during	6.22508
98	12	the	1.17336
98	13	trip	8.24224
99	1	The	1.67691
99	2	girl	11.4617
99	3	given	10.1881
99	4	a	2.97872
99	5	new	3.75939
99	6	blanket	12.02
99	7	lost	11.8737
99	8	it	4.77074
99	9	during	5.82995
99	10	the	1.21524
99	11	trip	8.11148
100	1	The	1.84714
100	2	girl	11.1409
100	3	who	2.84876
100	4	was	3.9903
100	5	given	6.27907
100	6	a	2.4078
100	7	new	3.44526
100	8	blanket	11.9705
100	9	lost	11.0558
100	10	it	3.99666
100	11	during	6.03315
100	12	the	1.20382
100	13	trip	7.9398
101	1	The	1.75445
101	2	airplane	21.7159
101	3	landed	12.8798
101	4	in	2.13388
101	5	the	2.75326
101	6	mountains	12.8614
101	7	broke	15.2284
101	8	down	5.88756
101	9	during	5.88773
101	10	the	1.28593
101	11	ice	10.2333
101	12	storm	10.8422
102	1	The	1.70785
102	2	airplane	21.2287
102	3	that	15.7948
102	4	was	10.0932
102	5	landed	10.1508
102	6	in	2.51465
102	7	the	2.37851
102	8	mountains	12.4157
102	9	broke	14.7256
102	10	down	4.32191
103	1	The	1.76661
103	2	airplane	21.0498
103	3	flown	11.449
103	4	in	2.09156
103	5	the	1.93497
103	6	mountains	11.713
103	7	broke	7.46691
103	8	down	2.99422
103	9	during	6.41934
103	10	the	1.05415
103	11	ice	10.0266
103	12	storm	11.4967
104	1	The	1.78609
104	2	airplane	21.7196
104	3	that	17.1285
104	4	was	2.27553
104	5	flown	11.0838
104	6	in	2.05625
104	7	the	1.99546
104	8	mountains	11.5257
104	9	broke	17.3112
104	10	down	5.2777
104	11	during	5.86946
104	12	the	0.906126
104	13	ice	10.0308
104	14	storm	11.074
105	1	The	1.72245
105	2	child	9.79269
105	3	carried	10.0237
105	4	down	3.66248
105	5	the	2.83531
105	6	hall	9.01116
105	7	yelled	12.7703
105	8	at	4.33336
105	9	the	1.31219
105	10	top	4.58097
105	11	of	0.90559
105	12	his	2.73993
105	13	lungs	8.33303
106	1	The	1.79978
106	2	child	10.4468
106	3	that	12.416
106	4	was	5.2819
106	5	carried	7.68741
106	6	down	2.71783
106	7	the	6.99782
106	8	hall	10.3693
106	9	yelled	15.2035
106	10	at	4.64636
106	11	the	1.53297
106	12	top	4.80666
106	13	of	1.57689
106	14	his	2.90397
106	15	lungs	8.55631
107	1	The	1.69289
107	2	child	10.1851
107	3	borne	14.9506
107	4	down	5.04998
107	5	the	1.81314
107	6	hall	9.22225
107	7	yelled	17.8701
107	8	at	4.53801
107	9	the	1.33193
107	10	top	4.94855
107	11	of	0.74748
107	12	his	2.80929
107	13	lungs	8.31512
108	1	The	1.76516
108	2	child	10.1956
108	3	that	13.0877
108	4	was	5.41722
108	5	borne	10.0849
108	6	down	2.56823
108	7	the	4.23542
108	8	hall	9.37248
108	9	yelled	17.0612
108	10	at	4.15479
108	11	the	1.29481
108	12	top	5.07649
108	13	of	1.97896
108	14	his	2.68364
108	15	lungs	8.36969
