sentence_id	token_id	token	surprisal
1	1	The	1.75097
1	2	woman	8.35985
1	3	brought	7.65529
1	4	the	1.82559
1	5	sandwich	11.6598
1	6	from	3.08188
1	7	the	1.60545
1	8	kitchen	8.3535
1	9	fell	14.773
1	10	in	3.23198
1	11	the	2.38497
1	12	dining	15.4905
1	13	room	4.29194
2	1	The	1.73083
2	2	woman	8.37153
2	3	who	13.2734
2	4	was	4.05508
2	5	brought	6.20786
2	6	the	3.86475
2	7	sandwich	12.8335
2	8	from	3.15084
2	9	the	1.53079
2	10	kitchen	8.79353
2	11	fell	13.9592
2	12	in	2.60184
2	13	the	2.31258
2	14	dining	15.6211
2	15	room	3.84254
3	1	The	1.73262
3	2	woman	8.40247
3	3	given	10.7353
3	4	the	0.988669
3	5	sandwich	11.8033
3	6	from	4.94277
3	7	the	1.90946
3	8	kitchen	8.42453
3	9	fell	15.3629
3	10	in	3.77716
3	11	the	2.29367
3	12	dining	15.3954
3	13	room	4.37555
4	1	The	1.77273
4	2	woman	8.37618
4	3	who	11.9965
4	4	was	4.16519
4	5	given	5.57747
4	6	the	1.90252
4	7	sandwich	12.0165
4	8	from	5.67754
4	9	the	1.4124
4	10	kitchen	8.54944
4	11	fell	14.5132
4	12	in	2.81193
4	13	the	2.15034
4	14	dining	15.8262
4	15	room	3.78742
5	1	The	1.8694
5	2	convict	15.476
5	3	walked	21.7531
5	4	into	14.206
5	5	the	2.75491
5	6	dark	8.15628
5	7	cell	11.3094
5	8	tried	15.2843
5	9	to	4.47991
5	10	escape	6.8752
5	11	but	10.7177
5	12	failed	11.1353
6	1	The	1.99439
6	2	convict	15.466
6	3	who	12.3927
6	4	was	2.92382
6	5	walked	12.1629
6	6	into	1.99371
6	7	the	1.79842
6	8	dark	6.42887
6	9	cell	10.8426
6	10	tried	13.3583
6	11	to	0.670519
6	12	escape	6.69436
6	13	but	10.2914
6	14	failed	9.37355
7	1	The	1.66828
7	2	convict	15.4402
7	3	taken	16.7009
7	4	into	9.95073
7	5	the	1.82089
7	6	dark	7.64313
7	7	cell	10.6695
7	8	tried	10.9453
7	9	to	0.359701
7	10	escape	6.81256
7	11	but	12.3809
7	12	failed	11.385
8	1	The	1.77362
8	2	convict	15.5484
8	3	who	11.9703
8	4	was	3.14205
8	5	taken	6.61309
8	6	into	4.00744
8	7	the	1.70875
8	8	dark	6.5551
8	9	cell	10.8313
8	10	tried	13.7892
8	11	to	2.4596
8	12	escape	6.71386
8	13	but	11.675
8	14	failed	9.43819
9	1	The	1.70645
9	2	prisoners	14.3393
9	3	hit	8.06657
9	4	for	6.73469
9	5	hours	8.8831
9	6	and	4.33269
9	7	hours	7.15114
9	8	confessed	15.2437
9	9	to	0.134308
9	10	crimes	10.6349
9	11	they	14.0405
9	12	never	8.56729
9	13	committed	6.18164
10	1	The	1.67614
10	2	prisoners	14.3083
10	3	who	5.48554
10	4	were	3.99003
10	5	hit	7.7396
10	6	for	4.60481
10	7	hours	7.97515
10	8	and	4.40164
10	9	hours	6.06995
10	10	confessed	12.3298
10	11	to	0.505744
10	12	crimes	10.8769
10	13	they	5.67151
10	14	never	7.6906
10	15	committed	7.29039
11	1	The	1.78283
11	2	prisoners	14.3606
11	3	beaten	12.8209
11	4	for	4.17441
11	5	hours	8.99082
11	6	and	4.2648
11	7	hours	8.5769
11	8	confessed	11.3416
11	9	to	0.30279
11	10	crimes	11.1755
11	11	they	4.90435
11	12	never	7.99665
11	13	committed	8.48264
12	1	The	1.85456
12	2	prisoners	14.4298
12	3	who	13.164
12	4	were	6.25633
12	5	beaten	9.09918
12	6	for	3.62186
12	7	hours	7.96337
12	8	and	5.74935
12	9	hours	6.55108
12	10	confessed	12.1243
12	11	to	0.494974
12	12	crimes	11.2121
12	13	they	14.1353
12	14	never	9.29541
12	15	committed	9.57891
13	1	The	1.9321
13	2	business	8.03443
13	3	expanded	8.61519
13	4	into	5.28246
13	5	an	3.8261
13	6	empire	16.2459
13	7	was	12.1654
13	8	sold	7.82164
13	9	for	2.41834
13	10	billions	8.89343
13	11	of	0.379235
13	12	dollars	2.17355
14	1	The	1.9331
14	2	business	8.13423
14	3	that	10.9964
14	4	was	6.81786
14	5	expanded	7.35641
14	6	into	7.43925
14	7	an	3.66785
14	8	empire	16.7688
14	9	was	13.0528
14	10	sold	9.09178
14	11	for	2.64804
14	12	billions	8.79666
14	13	of	0.0371565
14	14	dollars	2.17222
15	1	The	1.77135
15	2	business	8.31126
15	3	grown	15.2679
15	4	into	4.2798
15	5	an	5.31456
15	6	empire	15.9794
15	7	was	2.17227
15	8	sold	3.61719
15	9	for	2.52969
15	10	billions	9.29061
15	11	of	0.372731
15	12	dollars	2.26148
16	1	The	1.68166
16	2	business	8.05147
16	3	that	4.63318
16	4	was	3.37264
16	5	grown	8.27514
16	6	into	4.38443
16	7	an	4.76228
16	8	empire	16.2777
16	9	was	2.14996
16	10	sold	4.34302
16	11	for	2.6811
16	12	billions	8.88936
16	13	of	0.51663
16	14	dollars	2.2474
17	1	The	1.84464
17	2	mice	13.321
17	3	consumed	10.0466
17	4	rapidly	9.72885
17	5	and	3.79897
17	6	entirely	9.68191
17	7	were	12.1133
17	8	carrying	10.1454
17	9	a	2.77111
17	10	rare	7.48211
17	11	bacteria	10.5182
18	1	The	1.84559
18	2	mice	13.166
18	3	that	5.43376
18	4	were	3.577
18	5	consumed	8.16491
18	6	rapidly	7.94161
18	7	and	6.75163
18	8	entirely	7.10423
18	9	were	8.63602
18	10	carrying	8.98904
18	11	a	2.45906
18	12	rare	7.16932
18	13	bacteria	10.4774
19	1	The	1.74671
19	2	mice	13.1704
19	3	consumed	10.4434
19	4	rapidly	9.18071
19	5	and	3.98743
19	6	entirely	11.152
19	7	were	6.52314
19	8	carrying	9.80148
19	9	a	1.80808
19	10	rare	7.11251
19	11	bacteria	10.477
20	1	The	1.63328
20	2	mice	13.3139
20	3	that	5.72198
20	4	were	3.60029
20	5	consumed	8.20739
20	6	rapidly	8.5463
20	7	and	3.45692
20	8	entirely	9.96368
20	9	were	5.87027
20	10	carrying	9.90663
20	11	a	1.8198
20	12	rare	7.38319
20	13	bacteria	10.6807
21	1	The	1.75957
21	2	lawyer	10.3381
21	3	pledged	9.14145
21	4	to	1.82462
21	5	keep	4.42879
21	6	silent	11.5838
21	7	was	16.142
21	8	discovered	10.4174
21	9	to	3.51743
21	10	have	6.49754
21	11	broken	7.81389
21	12	his	6.18599
21	13	promise	7.72201
22	1	The	1.74101
22	2	lawyer	10.3448
22	3	that	12.2454
22	4	was	5.83563
22	5	pledged	8.33358
22	6	to	1.50182
22	7	keep	4.34365
22	8	silent	12.8988
22	9	was	15.5528
22	10	discovered	8.905
22	11	to	4.1812
22	12	have	5.71947
22	13	broken	7.35455
22	14	his	6.3013
22	15	promise	8.11251
23	1	The	1.83824
23	2	lawyer	10.376
23	3	committed	11.8479
23	4	to	10.3596
23	5	keep	10.8671
23	6	silent	12.5434
23	7	was	14.9815
23	8	discovered	10.4102
23	9	to	3.97314
23	10	have	5.82275
23	11	broken	7.65553
23	12	his	5.38467
23	13	promise	7.42544
24	1	The	1.83263
24	2	lawyer	10.3312
24	3	who	12.9583
24	4	was	4.63658
24	5	committed	7.29379
24	6	to	0.303908
24	7	keep	14.0641
24	8	silent	13.4517
24	9	was	14.4745
24	10	discovered	6.24598
24	11	to	4.95964
24	12	have	6.84075
24	13	broken	7.80321
24	14	his	4.835
24	15	promise	7.53738
25	1	The	1.76145
25	2	child	9.77311
25	3	kicked	11.4269
25	4	in	2.61031
25	5	the	2.55595
25	6	chaos	9.86866
25	7	found	16.0262
25	8	her	7.47543
25	9	way	6.97732
25	10	back	8.66561
25	11	home	6.91306
26	1	The	1.64632
26	2	child	10.4373
26	3	who	13.5122
26	4	was	4.264
26	5	kicked	9.29881
26	6	in	2.5644
26	7	the	2.79061
26	8	chaos	11.3723
26	9	found	13.1313
26	10	her	8.72294
26	11	way	7.52029
26	12	back	7.55772
26	13	home	6.0388
27	1	The	1.78584
27	2	child	10.5175
27	3	forgotten	12.116
27	4	in	2.77157
27	5	the	1.94979
27	6	chaos	11.4817
27	7	found	9.66681
27	8	her	9.98537
27	9	way	7.12396
27	10	back	7.7453
27	11	home	5.85766
28	1	The	1.65592
28	2	child	9.7657
28	3	who	5.297
28	4	was	3.63787
28	5	forgotten	8.4299
28	6	in	2.14316
28	7	the	1.91686
28	8	chaos	12.444
28	9	found	7.29175
28	10	her	5.39259
28	11	way	7.09196
28	12	back	7.53222
28	13	home	8.60598
29	1	The	1.80366
29	2	horses	13.2597
29	3	UNK-LC-ed	5.9172
29	4	past	7.5947
29	5	the	3.57382
29	6	barn	9.14003
29	7	fell	14.5036
29	8	into	4.33723
29	9	a	1.95475
29	10	swamp	14.299
30	1	The	1.63119
30	2	horses	13.2511
30	3	that	9.59186
30	4	were	6.83115
30	5	UNK-LC-ed	4.19878
30	6	past	7.83725
30	7	the	3.15827
30	8	barn	9.59507
30	9	fell	8.77304
30	10	into	3.43479
30	11	a	1.96809
30	12	swamp	13.8395
31	1	The	1.88651
31	2	horses	13.395
31	3	taken	10.2984
31	4	past	8.90367
31	5	the	4.18556
31	6	barn	9.51502
31	7	fell	15.8251
31	8	into	5.26717
31	9	a	1.93463
31	10	swamp	14.0126
32	1	The	1.79324
32	2	horses	13.5336
32	3	that	12.9188
32	4	were	6.07016
32	5	taken	5.30645
32	6	past	8.45769
32	7	the	3.50708
32	8	barn	9.35018
32	9	fell	10.851
32	10	into	3.41226
32	11	a	2.22407
32	12	swamp	13.8801
33	1	The	1.82882
33	2	artist	9.84238
33	3	painted	10.0029
33	4	a	1.59383
33	5	impressionist	15.2742
33	6	portrait	11.8444
33	7	was	13.3593
33	8	impressed	12.5496
33	9	with	1.9849
33	10	the	1.70092
33	11	work	7.86673
34	1	The	1.85969
34	2	artist	9.56123
34	3	who	3.91922
34	4	was	4.17072
34	5	painted	7.80014
34	6	a	4.70826
34	7	impressionist	16.5796
34	8	portrait	12.0526
34	9	was	4.86049
34	10	impressed	7.79422
34	11	with	1.83061
34	12	the	1.83893
34	13	work	7.4487
35	1	The	1.76135
35	2	artist	9.84385
35	3	drawn	10.9652
35	4	a	2.54457
35	5	impressionist	16.7747
35	6	portrait	11.4356
35	7	was	12.3016
35	8	impressed	11.0984
35	9	with	2.36071
35	10	the	1.76274
35	11	work	7.60478
36	1	The	1.88511
36	2	artist	9.71933
36	3	who	4.61207
36	4	was	4.21264
36	5	drawn	7.95402
36	6	a	10.2114
36	7	impressionist	15.1858
36	8	portrait	12.9311
36	9	was	3.96734
36	10	impressed	7.53278
36	11	with	1.93456
36	12	the	1.8461
36	13	work	7.20105
37	1	The	1.8671
37	2	car	9.36837
37	3	steered	11.9258
37	4	into	4.27102
37	5	the	1.5056
37	6	parking	7.55565
37	7	lot	3.90777
37	8	crashed	15.3371
37	9	into	7.36521
37	10	a	2.00256
37	11	concrete	7.54377
37	12	wall	5.38573
38	1	The	1.82874
38	2	car	9.00941
38	3	that	10.9914
38	4	was	5.68052
38	5	steered	10.0547
38	6	into	2.33519
38	7	the	1.83132
38	8	parking	7.89686
38	9	lot	3.78209
38	10	crashed	16.412
38	11	into	5.95343
38	12	a	2.02656
38	13	concrete	7.48271
38	14	wall	5.4867
39	1	The	1.79055
39	2	car	8.84211
39	3	driven	12.2605
39	4	into	12.05
39	5	the	2.29987
39	6	parking	9.34969
39	7	lot	3.10919
39	8	crashed	15.2935
39	9	into	6.67131
39	10	a	2.25261
39	11	concrete	7.44058
39	12	wall	5.28053
40	1	The	1.76218
40	2	car	8.91511
40	3	that	12.2798
40	4	was	4.81241
40	5	driven	7.67155
40	6	into	3.45829
40	7	the	1.68881
40	8	parking	8.40754
40	9	lot	3.4421
40	10	crashed	13.7339
40	11	into	8.99712
40	12	a	1.83952
40	13	concrete	8.19244
40	14	wall	5.96507
41	1	The	1.77966
41	2	campaign	7.47772
41	3	intended	9.50266
41	4	to	0.1155
41	5	be	2.90543
41	6	very	8.64482
41	7	popular	7.56199
41	8	was	14.4679
41	9	still	9.25318
41	10	unsuccessful	9.78889
42	1	The	1.80327
42	2	campaign	7.47141
42	3	that	4.68482
42	4	was	3.09197
42	5	intended	7.61396
42	6	to	0.149018
42	7	be	2.60842
42	8	very	9.42833
42	9	popular	7.60588
42	10	was	3.9113
42	11	still	4.88543
42	12	unsuccessful	8.37232
43	1	The	1.71414
43	2	campaign	7.50624
43	3	known	11.5257
43	4	to	4.15114
43	5	be	3.41683
43	6	very	7.3676
43	7	popular	7.13807
43	8	was	13.0284
43	9	still	8.04319
43	10	unsuccessful	15.5031
44	1	The	1.8329
44	2	campaign	7.53804
44	3	that	3.98904
44	4	was	2.85121
44	5	known	6.72681
44	6	to	1.85704
44	7	be	2.42789
44	8	very	7.88773
44	9	popular	7.25459
44	10	was	14.1226
44	11	still	7.73885
44	12	unsuccessful	13.9534
45	1	The	1.87582
45	2	student	10.2373
45	3	composed	11.8746
45	4	a	6.23612
45	5	carefully	8.58741
45	6	worded	8.93786
45	7	excuse	11.1194
45	8	forgot	16.1722
45	9	to	2.46016
45	10	give	5.8482
45	11	it	2.53773
45	12	to	3.40947
45	13	the	1.34161
45	14	teacher	11.6087
46	1	The	1.88969
46	2	student	9.99021
46	3	who	12.6853
46	4	was	3.10771
46	5	composed	7.74698
46	6	a	13.1236
46	7	carefully	7.9799
46	8	worded	14.7679
46	9	excuse	14.9803
46	10	forgot	15.4649
46	11	to	1.81732
46	12	give	5.70481
46	13	it	2.4309
46	14	to	3.05997
46	15	the	1.43519
46	16	teacher	11.4445
47	1	The	1.83004
47	2	student	10.0073
47	3	written	9.82915
47	4	a	3.03219
47	5	carefully	10.483
47	6	worded	9.33705
47	7	excuse	10.4608
47	8	forgot	14.9628
47	9	to	3.73167
47	10	give	8.50615
47	11	it	2.39786
47	12	to	3.29898
47	13	the	1.60994
47	14	teacher	11.373
48	1	The	1.82365
48	2	student	9.99524
48	3	who	13.6487
48	4	was	3.36806
48	5	written	6.63868
48	6	a	5.25074
48	7	carefully	10.3536
48	8	worded	9.04398
48	9	excuse	9.9284
48	10	forgot	16.1094
48	11	to	2.73506
48	12	give	6.10684
48	13	it	2.54212
48	14	to	3.34238
48	15	the	1.39323
48	16	teacher	11.3309
49	1	The	1.92616
49	2	television	8.88135
49	3	show	4.96121
49	4	started	6.13225
49	5	three	5.86684
49	6	weeks	2.47723
49	7	ago	0.0653195
49	8	was	12.7989
49	9	canceled	7.43312
49	10	immediately	15.7073
50	1	The	1.7949
50	2	television	8.94199
50	3	show	5.00576
50	4	that	4.04385
50	5	was	3.22545
50	6	started	8.34845
50	7	three	9.79065
50	8	weeks	3.01123
50	9	ago	6.28105
50	10	was	3.55815
50	11	canceled	7.45813
50	12	immediately	13.4077
51	1	The	1.77556
51	2	television	8.95582
51	3	show	4.93173
51	4	begun	13.2068
51	5	three	7.85231
51	6	weeks	4.13676
51	7	ago	8.67202
51	8	was	14.3031
51	9	canceled	7.21122
51	10	immediately	13.3195
52	1	The	1.80664
52	2	television	9.10878
52	3	show	4.94151
52	4	that	10.6511
52	5	was	7.60101
52	6	begun	10.0628
52	7	three	7.30346
52	8	weeks	3.5086
52	9	ago	7.11911
52	10	was	14.745
52	11	canceled	8.50966
52	12	immediately	13.9485
53	1	The	1.68903
53	2	boys	9.79032
53	3	performed	11.0487
53	4	an	7.69257
53	5	unsolicited	7.05248
53	6	favor	13.7067
53	7	appreciated	16.9216
53	8	the	3.21191
53	9	person	7.25907
53	10	who	3.30317
53	11	helped	5.86692
53	12	them	5.1353
54	1	The	1.76536
54	2	boys	9.86812
54	3	who	3.94514
54	4	were	3.22637
54	5	performed	9.13746
54	6	an	7.62645
54	7	unsolicited	9.35704
54	8	favor	13.9287
54	9	appreciated	12.8382
54	10	the	5.8915
54	11	person	9.10193
54	12	who	3.59055
54	13	helped	5.89509
54	14	them	5.07135
55	1	The	1.71722
55	2	boys	9.78302
55	3	done	10.8458
55	4	an	3.76774
55	5	unsolicited	7.89827
55	6	favor	12.6229
55	7	appreciated	17.4041
55	8	the	2.92457
55	9	person	8.5526
55	10	who	3.27284
55	11	helped	5.92905
55	12	them	4.93167
56	1	The	1.83693
56	2	boys	9.94206
56	3	who	3.25279
56	4	were	3.21478
56	5	done	6.82841
56	6	an	7.16944
56	7	unsolicited	8.37976
56	8	favor	12.0684
56	9	appreciated	11.544
56	10	the	2.87765
56	11	person	8.52835
56	12	who	11.9709
56	13	helped	9.30491
56	14	them	5.03249
57	1	The	1.83227
57	2	player	12.0841
57	3	tossed	10.3899
57	4	the	1.88127
57	5	baseball	7.42317
57	6	dropped	18.9477
57	7	it	10.7873
57	8	on	3.07881
57	9	the	1.34507
57	10	ground	6.1814
58	1	The	1.91774
58	2	player	12.1511
58	3	who	13.4199
58	4	was	3.61724
58	5	tossed	7.74872
58	6	the	5.28459
58	7	baseball	7.55642
58	8	dropped	18.0128
58	9	it	10.3014
58	10	on	4.05918
58	11	the	1.51482
58	12	ground	6.33227
59	1	The	1.92845
59	2	player	11.8497
59	3	thrown	11.0328
59	4	the	2.7166
59	5	baseball	7.50625
59	6	dropped	17.8238
59	7	it	11.859
59	8	on	3.72014
59	9	the	1.29009
59	10	ground	6.07771
60	1	The	1.79183
60	2	player	11.6536
60	3	who	16.3754
60	4	was	5.06042
60	5	thrown	7.29688
60	6	the	4.6455
60	7	baseball	7.08392
60	8	dropped	17.253
60	9	it	10.9492
60	10	on	3.32161
60	11	the	1.31727
60	12	ground	6.03863
61	1	The	1.76282
61	2	child	10.0756
61	3	jumped	9.87279
61	4	past	10.3921
61	5	the	4.86335
61	6	swings	12.9877
61	7	was	9.65845
61	8	upset	8.32878
61	9	about	2.07818
61	10	it	5.20115
62	1	The	1.74501
62	2	child	9.49499
62	3	who	5.29668
62	4	was	3.54703
62	5	jumped	11.1362
62	6	past	9.24608
62	7	the	4.36182
62	8	swings	12.8054
62	9	was	4.908
62	10	upset	8.03575
62	11	about	2.05833
62	12	it	6.64298
63	1	The	1.92062
63	2	child	10.166
63	3	led	7.8232
63	4	past	9.28094
63	5	the	4.79531
63	6	swings	12.7449
63	7	was	15.2158
63	8	upset	11.9017
63	9	about	4.82876
63	10	it	5.99049
64	1	The	1.74625
64	2	child	10.1311
64	3	who	5.29692
64	4	was	3.54303
64	5	led	7.69137
64	6	past	12.246
64	7	the	3.53884
64	8	swings	13.6908
64	9	was	4.14815
64	10	upset	7.70596
64	11	about	1.65901
64	12	it	6.59782
65	1	The	1.80549
65	2	students	12.1681
65	3	prepared	10.4358
65	4	a	4.1622
65	5	fancy	7.7917
65	6	dinner	10.1136
65	7	ate	14.7158
65	8	the	4.66794
65	9	meal	11.6537
65	10	quickly	7.95407
66	1	The	1.72026
66	2	students	12.2873
66	3	who	4.46862
66	4	were	3.64274
66	5	prepared	7.10208
66	6	a	7.6935
66	7	fancy	8.36424
66	8	dinner	10.6779
66	9	ate	11.1608
66	10	the	2.29842
66	11	meal	11.8039
66	12	quickly	8.20934
67	1	The	1.75758
67	2	students	12.3062
67	3	gotten	11.1648
67	4	a	3.45074
67	5	fancy	8.23958
67	6	dinner	10.5192
67	7	ate	11.455
67	8	the	2.75752
67	9	meal	11.7392
67	10	quickly	7.9087
68	1	The	1.76885
68	2	students	12.2734
68	3	who	2.17754
68	4	were	3.48592
68	5	gotten	9.49252
68	6	a	3.95826
68	7	fancy	8.45109
68	8	dinner	10.4869
68	9	ate	11.4408
68	10	the	3.22418
68	11	meal	11.7342
68	12	quickly	7.16846
69	1	The	1.82354
69	2	infant	11.0806
69	3	fed	12.8996
69	4	during	14.5335
69	5	the	1.42214
69	6	night	6.59523
69	7	yelled	11.0413
69	8	intensely	9.4703
70	1	The	1.8513
70	2	infant	11.109
70	3	that	13.5981
70	4	was	4.60069
70	5	fed	8.49318
70	6	during	8.74034
70	7	the	1.11027
70	8	night	7.34192
70	9	yelled	17.0493
70	10	intensely	13.3212
71	1	The	1.70213
71	2	infant	11.1755
71	3	aroused	11.9513
71	4	during	9.90041
71	5	the	1.02557
71	6	night	7.37157
71	7	yelled	15.5636
71	8	intensely	11.4512
72	1	The	2.0115
72	2	infant	11.0503
72	3	that	12.5861
72	4	was	5.05185
72	5	aroused	8.3602
72	6	during	5.88118
72	7	the	1.03323
72	8	night	7.40749
72	9	yelled	15.8342
72	10	intensely	12.4331
73	1	The	1.79442
73	2	refugee	11.1072
73	3	sheltered	15.9181
73	4	in	6.26805
73	5	the	1.73668
73	6	basement	9.69668
73	7	departed	10.5505
73	8	during	5.62679
73	9	the	1.03331
73	10	night	6.58891
74	1	The	2.00798
74	2	refugee	11.1988
74	3	who	14.1639
74	4	was	2.89318
74	5	sheltered	12.5713
74	6	in	1.53977
74	7	the	2.01907
74	8	basement	10.4524
74	9	departed	17.137
74	10	during	5.71142
74	11	the	0.902236
74	12	night	6.62202
75	1	The	1.9348
75	2	refugee	11.2163
75	3	hidden	11.423
75	4	in	7.47392
75	5	the	1.11984
75	6	basement	9.18075
75	7	departed	10.6147
75	8	during	6.69061
75	9	the	0.929759
75	10	night	6.70019
76	1	The	1.88532
76	2	refugee	11.3147
76	3	who	14.047
76	4	was	2.94002
76	5	hidden	8.91618
76	6	in	2.40718
76	7	the	1.91306
76	8	basement	10.1229
76	9	departed	16.8884
76	10	during	5.68056
76	11	the	1.05586
76	12	night	6.86174
77	1	The	1.89148
77	2	dog	11.5243
77	3	walked	9.5952
77	4	on	2.21395
77	5	the	2.15437
77	6	beach	7.99819
77	7	UNK-LC-ed	6.75012
77	8	after	4.92304
77	9	a	2.01303
77	10	bird	11.6783
78	1	The	1.79065
78	2	dog	11.5308
78	3	that	11.5381
78	4	was	5.69294
78	5	walked	10.2472
78	6	on	2.26075
78	7	the	1.20937
78	8	beach	8.81211
78	9	UNK-LC-ed	7.34743
78	10	after	4.33263
78	11	a	2.31375
78	12	bird	11.4814
79	1	The	1.95871
79	2	dog	11.5532
79	3	seen	11.3769
79	4	on	6.98498
79	5	the	1.10079
79	6	beach	8.52751
79	7	UNK-LC-ed	7.21039
79	8	after	4.75347
79	9	a	2.28718
79	10	bird	11.4486
80	1	The	1.77508
80	2	dog	11.6064
80	3	that	10.7264
80	4	was	5.63357
80	5	seen	6.85806
80	6	on	4.46822
80	7	the	1.08882
80	8	beach	8.93642
80	9	UNK-LC-ed	6.9718
80	10	after	4.49324
80	11	a	2.22107
80	12	bird	11.5294
81	1	The	1.82008
81	2	ship	8.83231
81	3	steered	10.786
81	4	off	4.55169
81	5	course	9.95639
81	6	sank	16.5407
81	7	in	4.12185
81	8	the	1.62507
81	9	storm	7.98184
82	1	The	1.78744
82	2	ship	8.97152
82	3	that	14.126
82	4	was	4.97684
82	5	steered	10.3135
82	6	off	4.07152
82	7	course	8.37835
82	8	sank	15.5942
82	9	in	3.78035
82	10	the	1.40954
82	11	storm	8.28742
83	1	The	1.83006
83	2	ship	8.90988
83	3	blown	11.6651
83	4	off	2.95006
83	5	course	10.2297
83	6	sank	16.5036
83	7	in	3.76291
83	8	the	1.62803
83	9	storm	8.31277
84	1	The	1.77963
84	2	ship	8.81686
84	3	that	14.3758
84	4	was	4.80102
84	5	blown	9.95505
84	6	off	2.62949
84	7	course	12.6998
84	8	sank	16.7155
84	9	in	4.13941
84	10	the	1.78753
84	11	storm	8.08963
85	1	The	1.71477
85	2	fans	11.424
85	3	cheered	11.3294
85	4	at	7.80611
85	5	the	1.54098
85	6	concert	10.847
85	7	took	13.5506
85	8	photos	10.9319
85	9	with	5.4661
85	10	their	5.29094
85	11	phones	7.9563
86	1	The	1.89862
86	2	fans	11.55
86	3	that	10.1332
86	4	were	7.19805
86	5	cheered	7.98065
86	6	at	5.0843
86	7	the	1.64488
86	8	concert	10.6435
86	9	took	13.6038
86	10	photos	12.1819
86	11	with	6.11174
86	12	their	5.34907
86	13	phones	8.11072
87	1	The	1.86214
87	2	fans	11.465
87	3	UNK-LC-ed	5.57362
87	4	at	3.92474
87	5	the	1.34934
87	6	concert	10.389
87	7	took	9.87378
87	8	photos	9.17439
87	9	with	6.17858
87	10	their	5.32589
87	11	phones	8.31043
88	1	The	1.73763
88	2	fans	11.578
88	3	that	10.8603
88	4	were	6.16847
88	5	UNK-LC-ed	3.98742
88	6	at	3.31911
88	7	the	1.24963
88	8	concert	10.453
88	9	took	13.4539
88	10	photos	10.5451
88	11	with	5.87367
88	12	their	5.22705
88	13	phones	7.81628
89	1	The	2.03752
89	2	boat	11.295
89	3	steered	10.2883
89	4	to	3.8213
89	5	the	1.32965
89	6	sea	9.2604
89	7	disappeared	13.2143
89	8	in	1.6185
89	9	the	1.32426
89	10	storm	8.57
90	1	The	1.82186
90	2	boat	11.3674
90	3	that	4.86043
90	4	was	3.58811
90	5	steered	10.6354
90	6	in	3.83407
90	7	the	2.74973
90	8	sea	8.07807
90	9	disappeared	10.8685
90	10	in	2.11071
90	11	the	1.36918
90	12	storm	8.06363
91	1	The	1.69818
91	2	boat	11.1907
91	3	sunk	16.4538
91	4	in	2.41976
91	5	the	1.36225
91	6	sea	9.33662
91	7	disappeared	10.3029
91	8	in	2.54536
91	9	the	1.42892
91	10	storm	8.34804
92	1	The	1.8182
92	2	boat	11.2327
92	3	that	4.86144
92	4	was	3.57644
92	5	sunk	11.7505
92	6	in	3.1948
92	7	the	1.92297
92	8	sea	8.95597
92	9	disappeared	11.2516
92	10	in	2.37353
92	11	the	1.37208
92	12	storm	8.08183
93	1	The	1.79302
93	2	couple	9.34713
93	3	bought	10.5566
93	4	the	2.3966
93	5	apartment	11.7021
93	6	moved	14.0717
93	7	to	0.863133
93	8	a	2.38291
93	9	different	8.41501
93	10	city	5.54262
94	1	The	1.83687
94	2	couple	9.43267
94	3	that	12.484
94	4	was	5.28672
94	5	bought	7.9298
94	6	the	5.58414
94	7	apartment	11.556
94	8	moved	15.8464
94	9	to	1.37627
94	10	a	2.44333
94	11	different	8.18054
94	12	city	6.20607
95	1	The	1.83347
95	2	couple	9.56082
95	3	shown	11.2138
95	4	the	3.11425
95	5	apartment	10.8797
95	6	moved	10.1054
95	7	to	1.6739
95	8	a	2.08897
95	9	different	6.9417
95	10	city	6.58244
96	1	The	1.75112
96	2	couple	9.40906
96	3	that	9.9326
96	4	was	3.03685
96	5	shown	7.93237
96	6	the	10.347
96	7	apartment	12.3319
96	8	moved	10.882
96	9	to	1.28478
96	10	a	2.00761
96	11	different	6.74771
96	12	city	7.10976
97	1	The	1.8497
97	2	girl	11.4635
97	3	made	5.9206
97	4	a	1.92877
97	5	new	4.19872
97	6	blanket	11.9829
97	7	lost	11.7153
97	8	it	10.4727
97	9	during	5.61309
97	10	the	1.07267
97	11	trip	8.45791
98	1	The	1.70632
98	2	girl	11.4527
98	3	who	4.64063
98	4	was	3.99192
98	5	made	6.92269
98	6	a	4.58649
98	7	new	3.42455
98	8	blanket	12.1749
98	9	lost	11.5774
98	10	it	4.616
98	11	during	5.93787
98	12	the	1.20922
98	13	trip	8.40108
99	1	The	1.84459
99	2	girl	11.0652
99	3	given	10.0245
99	4	a	2.99209
99	5	new	3.55935
99	6	blanket	12.2131
99	7	lost	11.108
99	8	it	4.18115
99	9	during	6.03304
99	10	the	1.16575
99	11	trip	8.4228
100	1	The	1.76243
100	2	girl	11.3421
100	3	who	4.64042
100	4	was	3.97442
100	5	given	6.30429
100	6	a	2.35194
100	7	new	3.56566
100	8	blanket	12.0039
100	9	lost	10.5824
100	10	it	3.52491
100	11	during	6.51731
100	12	the	1.17612
100	13	trip	7.83297
101	1	The	1.73893
101	2	airplane	20.5804
101	3	landed	12.8763
101	4	in	2.12753
101	5	the	2.47144
101	6	mountains	12.9322
101	7	broke	14.2069
101	8	down	3.81526
101	9	during	5.37584
101	10	the	0.920865
101	11	ice	10.0105
101	12	storm	10.5057
102	1	The	1.87542
102	2	airplane	21.0364
102	3	that	16.4433
102	4	was	3.23907
102	5	landed	12.1342
102	6	in	2.1993
102	7	the	2.54631
102	8	mountains	12.5566
102	9	broke	14.8593
102	10	down	4.63485
103	1	The	1.78749
103	2	airplane	20.5723
103	3	flown	14.6732
103	4	in	3.31005
103	5	the	2.17516
103	6	mountains	13.415
103	7	broke	6.97425
103	8	down	2.56657
103	9	during	6.08798
103	10	the	1.04406
103	11	ice	10.196
103	12	storm	10.6796
104	1	The	1.7717
104	2	airplane	21.0447
104	3	that	15.2636
104	4	was	8.03074
104	5	flown	11.6175
104	6	in	1.89537
104	7	the	2.2011
104	8	mountains	11.6213
104	9	broke	15.8833
104	10	down	5.02641
104	11	during	5.93846
104	12	the	0.836828
104	13	ice	10.4186
104	14	storm	10.7075
105	1	The	1.85163
105	2	child	9.99928
105	3	carried	10.0797
105	4	down	3.12636
105	5	the	2.52871
105	6	hall	8.97498
105	7	yelled	10.5201
105	8	at	4.53493
105	9	the	1.34517
105	10	top	4.7215
105	11	of	1.40023
105	12	his	2.61162
105	13	lungs	8.17672
106	1	The	1.82099
106	2	child	10.7226
106	3	that	11.8155
106	4	was	5.14185
106	5	carried	7.93264
106	6	down	2.70944
106	7	the	3.48297
106	8	hall	8.99264
106	9	yelled	17.3422
106	10	at	4.25756
106	11	the	1.29058
106	12	top	4.74443
106	13	of	1.1873
106	14	his	2.93497
106	15	lungs	8.37029
107	1	The	1.70544
107	2	child	10.2523
107	3	borne	14.5806
107	4	down	4.15928
107	5	the	1.98607
107	6	hall	9.09847
107	7	yelled	12.7197
107	8	at	4.64428
107	9	the	1.41403
107	10	top	4.84855
107	11	of	1.57261
107	12	his	2.72254
107	13	lungs	8.30135
108	1	The	1.76173
108	2	child	9.91037
108	3	that	4.64347
108	4	was	3.57226
108	5	borne	9.93775
108	6	down	2.75922
108	7	the	7.55343
108	8	hall	9.39193
108	9	yelled	10.5957
108	10	at	4.22363
108	11	the	1.31878
108	12	top	4.70424
108	13	of	1.25189
108	14	his	2.64049
108	15	lungs	8.26313
