sentence_id	token_id	token	surprisal
1	1	The	1.74355
1	2	woman	8.39324
1	3	brought	7.32874
1	4	the	1.67459
1	5	sandwich	12.0591
1	6	from	4.21103
1	7	the	1.41342
1	8	kitchen	8.0779
1	9	fell	15.2518
1	10	in	3.99193
1	11	the	2.3888
1	12	dining	16.2247
1	13	room	3.8506
2	1	The	1.75863
2	2	woman	8.32718
2	3	who	12.2222
2	4	was	3.55219
2	5	brought	6.27717
2	6	the	4.49593
2	7	sandwich	11.5475
2	8	from	3.86577
2	9	the	1.52422
2	10	kitchen	8.79459
2	11	fell	15.7101
2	12	in	2.69483
2	13	the	2.25313
2	14	dining	15.1638
2	15	room	4.23069
3	1	The	1.808
3	2	woman	8.36526
3	3	given	10.961
3	4	the	1.60022
3	5	sandwich	12.5245
3	6	from	3.52598
3	7	the	2.01848
3	8	kitchen	8.68921
3	9	fell	16.0003
3	10	in	3.03049
3	11	the	2.2043
3	12	dining	15.3494
3	13	room	4.09165
4	1	The	1.74406
4	2	woman	8.4349
4	3	who	4.61731
4	4	was	3.13136
4	5	given	6.48328
4	6	the	1.95805
4	7	sandwich	12.2639
4	8	from	3.63025
4	9	the	1.47956
4	10	kitchen	8.20539
4	11	fell	7.37042
4	12	in	3.26591
4	13	the	2.90286
4	14	dining	15.9937
4	15	room	3.8832
5	1	The	1.78242
5	2	convict	15.3305
5	3	walked	21.0816
5	4	into	12.825
5	5	the	1.93844
5	6	dark	8.18075
5	7	cell	11.0369
5	8	tried	14.6016
5	9	to	2.30356
5	10	escape	6.39675
5	11	but	4.92548
5	12	failed	5.23612
6	1	The	1.77214
6	2	convict	15.5876
6	3	who	11.8549
6	4	was	3.01218
6	5	walked	12.2506
6	6	into	1.87718
6	7	the	1.72581
6	8	dark	6.63015
6	9	cell	10.546
6	10	tried	13.3799
6	11	to	1.93068
6	12	escape	6.74127
6	13	but	11.4803
6	14	failed	11.9917
7	1	The	1.80257
7	2	convict	15.5859
7	3	taken	16.9757
7	4	into	12.537
7	5	the	1.94388
7	6	dark	8.31102
7	7	cell	11.3993
7	8	tried	17.115
7	9	to	6.61822
7	10	escape	9.4369
7	11	but	10.56
7	12	failed	6.99433
8	1	The	1.7684
8	2	convict	15.4614
8	3	who	12.8739
8	4	was	3.10542
8	5	taken	6.62214
8	6	into	4.09022
8	7	the	1.70205
8	8	dark	6.72809
8	9	cell	10.7538
8	10	tried	14.8687
8	11	to	1.59259
8	12	escape	6.56618
8	13	but	10.8835
8	14	failed	10.1381
9	1	The	1.85689
9	2	prisoners	14.3563
9	3	hit	8.6413
9	4	for	7.50295
9	5	hours	9.21453
9	6	and	4.37116
9	7	hours	6.63525
9	8	confessed	11.1133
9	9	to	0.598345
9	10	crimes	11.5962
9	11	they	5.55466
9	12	never	7.70286
9	13	committed	8.40273
10	1	The	1.72691
10	2	prisoners	14.1887
10	3	who	6.26853
10	4	were	5.31341
10	5	hit	7.73493
10	6	for	4.83036
10	7	hours	7.984
10	8	and	7.76982
10	9	hours	9.89594
10	10	confessed	13.0385
10	11	to	0.632089
10	12	crimes	10.6856
10	13	they	7.50161
10	14	never	9.89344
10	15	committed	7.64234
11	1	The	1.77478
11	2	prisoners	14.3462
11	3	beaten	12.7354
11	4	for	4.03933
11	5	hours	8.82536
11	6	and	4.62277
11	7	hours	8.62303
11	8	confessed	13.8172
11	9	to	0.606067
11	10	crimes	10.3403
11	11	they	13.1938
11	12	never	8.49573
11	13	committed	7.90037
12	1	The	1.76307
12	2	prisoners	14.2494
12	3	who	12.8086
12	4	were	6.80869
12	5	beaten	9.01179
12	6	for	4.60421
12	7	hours	8.10866
12	8	and	4.0864
12	9	hours	8.56058
12	10	confessed	12.9766
12	11	to	0.0472264
12	12	crimes	10.3055
12	13	they	14.5513
12	14	never	6.96588
12	15	committed	9.66422
13	1	The	1.56977
13	2	business	8.19112
13	3	expanded	9.24457
13	4	into	5.36496
13	5	an	4.05225
13	6	empire	14.9135
13	7	was	12.5021
13	8	sold	8.78913
13	9	for	2.9473
13	10	billions	9.11618
13	11	of	0.818188
13	12	dollars	1.89108
14	1	The	1.74793
14	2	business	7.94821
14	3	that	4.59525
14	4	was	3.10457
14	5	expanded	9.11018
14	6	into	4.84781
14	7	an	4.05195
14	8	empire	16.0905
14	9	was	14.35
14	10	sold	12.2399
14	11	for	4.59074
14	12	billions	9.15377
14	13	of	0.0455226
14	14	dollars	2.1837
15	1	The	1.67954
15	2	business	7.94907
15	3	grown	15.7102
15	4	into	5.02556
15	5	an	4.01225
15	6	empire	17.547
15	7	was	13.1101
15	8	sold	8.17941
15	9	for	3.13453
15	10	billions	9.77886
15	11	of	0.0637664
15	12	dollars	2.21575
16	1	The	1.81207
16	2	business	8.10389
16	3	that	9.94759
16	4	was	5.1903
16	5	grown	8.44718
16	6	into	4.67267
16	7	an	4.07107
16	8	empire	17.5633
16	9	was	13.7724
16	10	sold	2.8147
16	11	for	2.78094
16	12	billions	9.09239
16	13	of	0.0975937
16	14	dollars	2.16608
17	1	The	1.75397
17	2	mice	13.2157
17	3	consumed	10.5383
17	4	rapidly	10.1737
17	5	and	4.91965
17	6	entirely	10.5841
17	7	were	5.33745
17	8	carrying	9.82652
17	9	a	1.94984
17	10	rare	7.15028
17	11	bacteria	10.5654
18	1	The	1.80752
18	2	mice	13.0088
18	3	that	5.18172
18	4	were	3.56721
18	5	consumed	8.01849
18	6	rapidly	7.82787
18	7	and	3.27452
18	8	entirely	9.96368
18	9	were	6.47894
18	10	carrying	10.0527
18	11	a	1.78751
18	12	rare	7.0663
18	13	bacteria	11.2891
19	1	The	1.83142
19	2	mice	13.2926
19	3	consumed	9.92039
19	4	rapidly	8.32178
19	5	and	2.88881
19	6	entirely	10.5514
19	7	were	5.20901
19	8	carrying	9.77005
19	9	a	1.83013
19	10	rare	7.32896
19	11	bacteria	10.6314
20	1	The	1.77402
20	2	mice	13.732
20	3	that	12.5923
20	4	were	7.07848
20	5	consumed	8.77351
20	6	rapidly	8.07533
20	7	and	4.88608
20	8	entirely	9.99322
20	9	were	12.9347
20	10	carrying	9.61046
20	11	a	2.1166
20	12	rare	7.17991
20	13	bacteria	10.4629
21	1	The	1.78946
21	2	lawyer	10.3382
21	3	pledged	8.25613
21	4	to	1.38361
21	5	keep	4.44068
21	6	silent	11.8684
21	7	was	16.0511
21	8	discovered	9.85494
21	9	to	4.95523
21	10	have	12.2098
21	11	broken	8.87677
21	12	his	7.5834
21	13	promise	9.32554
22	1	The	1.76755
22	2	lawyer	10.393
22	3	that	12.9336
22	4	was	7.06807
22	5	pledged	10.1908
22	6	to	1.0086
22	7	keep	4.56997
22	8	silent	12.995
22	9	was	18.1815
22	10	discovered	8.81271
22	11	to	4.35285
22	12	have	6.02428
22	13	broken	7.39156
22	14	his	6.40006
22	15	promise	8.31004
23	1	The	1.88942
23	2	lawyer	10.4156
23	3	committed	12.2922
23	4	to	3.34397
23	5	keep	15.1122
23	6	silent	14.8341
23	7	was	14.4369
23	8	discovered	6.77241
23	9	to	4.81535
23	10	have	6.67296
23	11	broken	7.60302
23	12	his	5.25884
23	13	promise	7.70262
24	1	The	1.79538
24	2	lawyer	10.3252
24	3	who	12.8684
24	4	was	4.21689
24	5	committed	7.64817
24	6	to	0.252106
24	7	keep	13.9493
24	8	silent	14.0478
24	9	was	13.7025
24	10	discovered	7.9347
24	11	to	3.93583
24	12	have	5.82554
24	13	broken	7.94015
24	14	his	4.55032
24	15	promise	7.16076
25	1	The	1.80745
25	2	child	10.2565
25	3	kicked	12.3656
25	4	in	2.46017
25	5	the	2.55622
25	6	chaos	12.7768
25	7	found	7.32458
25	8	her	6.57777
25	9	way	7.65695
25	10	back	6.27336
25	11	home	9.75118
26	1	The	1.81134
26	2	child	9.25568
26	3	who	5.29691
26	4	was	3.55361
26	5	kicked	9.46957
26	6	in	2.33281
26	7	the	3.01906
26	8	chaos	11.0054
26	9	found	8.18191
26	10	her	5.66102
26	11	way	7.20889
26	12	back	7.68244
26	13	home	6.63924
27	1	The	1.82442
27	2	child	9.46466
27	3	forgotten	13.7316
27	4	in	2.67433
27	5	the	1.78145
27	6	chaos	11.4361
27	7	found	17.9688
27	8	her	12.339
27	9	way	7.10895
27	10	back	8.24877
27	11	home	8.15568
28	1	The	1.692
28	2	child	9.5443
28	3	who	14.8479
28	4	was	4.31283
28	5	forgotten	8.42935
28	6	in	2.64067
28	7	the	2.02091
28	8	chaos	12.986
28	9	found	7.59254
28	10	her	5.65282
28	11	way	7.1422
28	12	back	7.6276
28	13	home	6.99616
29	1	The	1.87401
29	2	horses	12.9663
29	3	UNK-LC-ed	6.09896
29	4	past	8.07888
29	5	the	3.08218
29	6	barn	9.79897
29	7	fell	15.1099
29	8	into	4.13656
29	9	a	1.99316
29	10	swamp	14.1553
30	1	The	1.7702
30	2	horses	13.3064
30	3	that	7.37511
30	4	were	11.7423
30	5	UNK-LC-ed	4.80266
30	6	past	7.97158
30	7	the	3.51642
30	8	barn	9.21515
30	9	fell	8.77436
30	10	into	3.79001
30	11	a	1.87795
30	12	swamp	13.9594
31	1	The	1.80324
31	2	horses	13.2783
31	3	taken	10.3462
31	4	past	9.3602
31	5	the	5.81534
31	6	barn	9.57106
31	7	fell	14.0405
31	8	into	3.24596
31	9	a	2.06204
31	10	swamp	13.9501
32	1	The	1.6016
32	2	horses	13.515
32	3	that	12.6596
32	4	were	7.02967
32	5	taken	5.24977
32	6	past	8.10576
32	7	the	3.15106
32	8	barn	8.89959
32	9	fell	14.989
32	10	into	6.55025
32	11	a	1.88488
32	12	swamp	14.1787
33	1	The	1.82657
33	2	artist	10.1326
33	3	painted	9.73352
33	4	a	1.57696
33	5	impressionist	15.573
33	6	portrait	11.6025
33	7	was	11.386
33	8	impressed	8.79162
33	9	with	2.24686
33	10	the	1.70903
33	11	work	7.6183
34	1	The	1.97356
34	2	artist	10.1242
34	3	who	11.7743
34	4	was	4.41922
34	5	painted	8.34335
34	6	a	4.53152
34	7	impressionist	15.669
34	8	portrait	11.6867
34	9	was	12.1905
34	10	impressed	11.8392
34	11	with	2.00548
34	12	the	1.86171
34	13	work	7.29255
35	1	The	1.60694
35	2	artist	9.39281
35	3	drawn	11.3751
35	4	a	2.53645
35	5	impressionist	16.1909
35	6	portrait	11.3629
35	7	was	14.063
35	8	impressed	11.6995
35	9	with	2.19807
35	10	the	1.85951
35	11	work	7.66561
36	1	The	1.70236
36	2	artist	9.38323
36	3	who	11.9698
36	4	was	5.39868
36	5	drawn	7.78921
36	6	a	5.51633
36	7	impressionist	16.1211
36	8	portrait	10.2855
36	9	was	11.6231
36	10	impressed	8.78072
36	11	with	4.44651
36	12	the	1.74396
36	13	work	7.62892
37	1	The	1.78067
37	2	car	9.11336
37	3	steered	11.2265
37	4	into	5.15726
37	5	the	1.51179
37	6	parking	7.17272
37	7	lot	3.84278
37	8	crashed	15.0454
37	9	into	7.13888
37	10	a	1.90064
37	11	concrete	7.55262
37	12	wall	5.24405
38	1	The	1.86245
38	2	car	9.17998
38	3	that	12.3148
38	4	was	4.18725
38	5	steered	10.4096
38	6	into	2.53209
38	7	the	1.54177
38	8	parking	7.43141
38	9	lot	3.75233
38	10	crashed	14.2366
38	11	into	8.40973
38	12	a	2.06942
38	13	concrete	7.45923
38	14	wall	5.63968
39	1	The	1.73721
39	2	car	8.98734
39	3	driven	13.2984
39	4	into	12.8468
39	5	the	1.71974
39	6	parking	9.42795
39	7	lot	2.88385
39	8	crashed	16.655
39	9	into	4.71198
39	10	a	2.03994
39	11	concrete	7.81418
39	12	wall	5.64406
40	1	The	1.72867
40	2	car	9.1421
40	3	that	12.3279
40	4	was	4.38779
40	5	driven	8.10782
40	6	into	3.68993
40	7	the	1.64278
40	8	parking	7.40989
40	9	lot	3.47924
40	10	crashed	17.2124
40	11	into	6.79488
40	12	a	1.71989
40	13	concrete	7.95109
40	14	wall	6.07131
41	1	The	1.83492
41	2	campaign	7.49364
41	3	intended	9.5423
41	4	to	0.0516261
41	5	be	2.95237
41	6	very	8.06551
41	7	popular	7.8177
41	8	was	14.7033
41	9	still	10.3789
41	10	unsuccessful	13.5732
42	1	The	1.68632
42	2	campaign	7.52306
42	3	that	11.0558
42	4	was	5.73952
42	5	intended	7.45604
42	6	to	0.0613331
42	7	be	2.7062
42	8	very	8.83498
42	9	popular	7.56119
42	10	was	15.3862
42	11	still	7.73912
42	12	unsuccessful	8.51022
43	1	The	1.69093
43	2	campaign	7.63124
43	3	known	11.0518
43	4	to	6.0589
43	5	be	8.58893
43	6	very	7.71628
43	7	popular	6.94962
43	8	was	13.5227
43	9	still	8.48464
43	10	unsuccessful	14.9963
44	1	The	1.72256
44	2	campaign	7.41735
44	3	that	3.59171
44	4	was	3.12942
44	5	known	6.84922
44	6	to	2.20863
44	7	be	1.96413
44	8	very	8.5113
44	9	popular	7.10065
44	10	was	3.4317
44	11	still	5.65442
44	12	unsuccessful	9.66875
45	1	The	1.7748
45	2	student	10.0393
45	3	composed	12.7405
45	4	a	5.0418
45	5	carefully	14.43
45	6	worded	16.7412
45	7	excuse	13.3149
45	8	forgot	14.9592
45	9	to	2.95893
45	10	give	6.27095
45	11	it	2.28952
45	12	to	4.33418
45	13	the	1.42982
45	14	teacher	11.6144
46	1	The	1.82236
46	2	student	9.96878
46	3	who	12.6437
46	4	was	4.72585
46	5	composed	7.75678
46	6	a	5.52959
46	7	carefully	10.8045
46	8	worded	8.77846
46	9	excuse	9.91617
46	10	forgot	14.6014
46	11	to	2.79965
46	12	give	7.02618
46	13	it	2.64842
46	14	to	4.25384
46	15	the	1.36794
46	16	teacher	11.4256
47	1	The	1.76149
47	2	student	10.0088
47	3	written	9.6889
47	4	a	5.52961
47	5	carefully	15.9727
47	6	worded	14.9641
47	7	excuse	11.2703
47	8	forgot	13.525
47	9	to	13.7971
47	10	give	7.40814
47	11	it	2.26506
47	12	to	3.39436
47	13	the	1.4818
47	14	teacher	11.3885
48	1	The	1.68292
48	2	student	9.98855
48	3	who	4.13859
48	4	was	3.2378
48	5	written	6.21755
48	6	a	5.3248
48	7	carefully	9.19015
48	8	worded	9.04962
48	9	excuse	10.7186
48	10	forgot	17.5802
48	11	to	2.94025
48	12	give	5.54868
48	13	it	2.65855
48	14	to	3.05805
48	15	the	1.42841
48	16	teacher	11.4937
49	1	The	1.76931
49	2	television	9.00048
49	3	show	4.92313
49	4	started	6.18366
49	5	three	7.67537
49	6	weeks	4.15116
49	7	ago	6.54521
49	8	was	13.7242
49	9	canceled	10.8321
49	10	immediately	13.304
50	1	The	1.68343
50	2	television	8.80336
50	3	show	4.98183
50	4	that	4.72477
50	5	was	3.21952
50	6	started	8.12134
50	7	three	7.04148
50	8	weeks	2.4801
50	9	ago	0.384724
50	10	was	3.07046
50	11	canceled	7.54121
50	12	immediately	12.9299
51	1	The	1.78966
51	2	television	9.55633
51	3	show	4.93328
51	4	begun	13.2055
51	5	three	8.86734
51	6	weeks	4.05707
51	7	ago	7.22084
51	8	was	13.8079
51	9	canceled	7.19997
51	10	immediately	14.1633
52	1	The	1.72489
52	2	television	8.74419
52	3	show	5.00419
52	4	that	3.63656
52	5	was	3.25177
52	6	begun	8.52904
52	7	three	8.79152
52	8	weeks	6.01162
52	9	ago	12.3796
52	10	was	6.68032
52	11	canceled	7.50845
52	12	immediately	14.0342
53	1	The	2.0675
53	2	boys	9.86954
53	3	performed	10.1427
53	4	an	6.60159
53	5	unsolicited	8.26678
53	6	favor	14.104
53	7	appreciated	12.0737
53	8	the	7.653
53	9	person	9.82046
53	10	who	4.24021
53	11	helped	5.57664
53	12	them	5.06231
54	1	The	1.8649
54	2	boys	9.97096
54	3	who	3.95328
54	4	were	3.20735
54	5	performed	9.1892
54	6	an	7.69683
54	7	unsolicited	8.02579
54	8	favor	13.6198
54	9	appreciated	16.2003
54	10	the	6.17524
54	11	person	6.30181
54	12	who	12.5558
54	13	helped	7.93671
54	14	them	4.8875
55	1	The	1.84991
55	2	boys	9.90084
55	3	done	11.0134
55	4	an	3.75323
55	5	unsolicited	8.02781
55	6	favor	12.8389
55	7	appreciated	12.4675
55	8	the	6.79244
55	9	person	9.02285
55	10	who	4.87101
55	11	helped	5.47857
55	12	them	4.47012
56	1	The	1.66985
56	2	boys	9.87062
56	3	who	11.1967
56	4	were	4.57646
56	5	done	6.63897
56	6	an	7.022
56	7	unsolicited	9.51726
56	8	favor	12.9841
56	9	appreciated	13.883
56	10	the	6.77017
56	11	person	8.23366
56	12	who	4.93169
56	13	helped	5.58565
56	14	them	4.77715
57	1	The	1.70547
57	2	player	11.8054
57	3	tossed	10.5578
57	4	the	1.77376
57	5	baseball	7.21609
57	6	dropped	19.0835
57	7	it	9.95131
57	8	on	3.2031
57	9	the	1.36716
57	10	ground	6.25137
58	1	The	1.8115
58	2	player	12.0638
58	3	who	12.6762
58	4	was	4.22173
58	5	tossed	7.66331
58	6	the	5.731
58	7	baseball	7.09195
58	8	dropped	18.1317
58	9	it	10.0888
58	10	on	3.60604
58	11	the	1.33149
58	12	ground	6.08365
59	1	The	1.8228
59	2	player	11.716
59	3	thrown	18.0556
59	4	the	4.86876
59	5	baseball	7.16793
59	6	dropped	11.3707
59	7	it	5.1336
59	8	on	4.30653
59	9	the	1.34371
59	10	ground	6.30766
60	1	The	1.81054
60	2	player	12.0453
60	3	who	13.2059
60	4	was	4.61278
60	5	thrown	6.71324
60	6	the	5.0229
60	7	baseball	7.02782
60	8	dropped	17.7095
60	9	it	10.6491
60	10	on	3.47548
60	11	the	1.28899
60	12	ground	6.06061
61	1	The	1.86535
61	2	child	10.1289
61	3	jumped	9.62515
61	4	past	10.1472
61	5	the	4.03486
61	6	swings	12.7852
61	7	was	11.5876
61	8	upset	9.54622
61	9	about	1.72239
61	10	it	6.03957
62	1	The	1.89451
62	2	child	10.246
62	3	who	5.29627
62	4	was	3.65471
62	5	jumped	11.3035
62	6	past	8.95604
62	7	the	4.22048
62	8	swings	14.6077
62	9	was	4.66035
62	10	upset	7.78763
62	11	about	1.77998
62	12	it	6.15288
63	1	The	1.80878
63	2	child	10.0904
63	3	led	10.4236
63	4	past	8.81127
63	5	the	7.43765
63	6	swings	12.8708
63	7	was	3.97985
63	8	upset	8.00017
63	9	about	1.57744
63	10	it	5.13866
64	1	The	1.89278
64	2	child	10.1659
64	3	who	13.9375
64	4	was	5.36068
64	5	led	7.64334
64	6	past	8.99466
64	7	the	3.75452
64	8	swings	13.6595
64	9	was	5.83415
64	10	upset	8.09702
64	11	about	1.69175
64	12	it	5.47027
65	1	The	1.86879
65	2	students	12.3511
65	3	prepared	10.957
65	4	a	3.36929
65	5	fancy	8.35262
65	6	dinner	10.1234
65	7	ate	12.0181
65	8	the	2.31743
65	9	meal	11.8262
65	10	quickly	6.88578
66	1	The	1.93084
66	2	students	12.4832
66	3	who	12.2286
66	4	were	5.35865
66	5	prepared	6.7508
66	6	a	7.74274
66	7	fancy	8.97101
66	8	dinner	10.1698
66	9	ate	16.78
66	10	the	2.67608
66	11	meal	11.7728
66	12	quickly	11.0423
67	1	The	1.67644
67	2	students	12.4063
67	3	gotten	11.8286
67	4	a	3.43497
67	5	fancy	8.7973
67	6	dinner	11.2614
67	7	ate	10.334
67	8	the	2.54836
67	9	meal	11.7123
67	10	quickly	7.88063
68	1	The	1.66831
68	2	students	12.3955
68	3	who	2.71658
68	4	were	3.43897
68	5	gotten	9.6032
68	6	a	4.68322
68	7	fancy	8.2589
68	8	dinner	10.3723
68	9	ate	11.2625
68	10	the	2.93279
68	11	meal	11.8122
68	12	quickly	7.54349
69	1	The	1.7996
69	2	infant	11.2102
69	3	fed	12.6068
69	4	during	10.3267
69	5	the	1.20045
69	6	night	7.00389
69	7	yelled	15.3112
69	8	intensely	11.6158
70	1	The	1.9
70	2	infant	10.9886
70	3	that	14.3944
70	4	was	6.16087
70	5	fed	8.45063
70	6	during	8.59286
70	7	the	1.10222
70	8	night	7.37933
70	9	yelled	16.1645
70	10	intensely	13.6825
71	1	The	1.89507
71	2	infant	11.0482
71	3	aroused	11.6493
71	4	during	8.1631
71	5	the	0.696972
71	6	night	6.60965
71	7	yelled	11.1939
71	8	intensely	9.10432
72	1	The	1.67145
72	2	infant	10.9892
72	3	that	12.7153
72	4	was	4.46358
72	5	aroused	8.70161
72	6	during	5.85609
72	7	the	1.04599
72	8	night	7.903
72	9	yelled	15.7857
72	10	intensely	11.7381
73	1	The	2.02866
73	2	refugee	11.0451
73	3	sheltered	15.8644
73	4	in	5.40075
73	5	the	1.63013
73	6	basement	9.84094
73	7	departed	10.8683
73	8	during	5.49705
73	9	the	1.0926
73	10	night	6.70217
74	1	The	1.82118
74	2	refugee	11.3754
74	3	who	14.652
74	4	was	9.22888
74	5	sheltered	14.1068
74	6	in	4.43522
74	7	the	2.07967
74	8	basement	9.53926
74	9	departed	9.72769
74	10	during	5.97491
74	11	the	1.06945
74	12	night	6.55271
75	1	The	1.7299
75	2	refugee	11.2133
75	3	hidden	11.2771
75	4	in	7.03607
75	5	the	1.1731
75	6	basement	9.22432
75	7	departed	10.7052
75	8	during	6.11657
75	9	the	1.04733
75	10	night	6.89503
76	1	The	1.66111
76	2	refugee	11.2881
76	3	who	14.0789
76	4	was	2.93695
76	5	hidden	8.96304
76	6	in	2.22992
76	7	the	1.63041
76	8	basement	10.1112
76	9	departed	17.2226
76	10	during	5.73407
76	11	the	1.02993
76	12	night	6.92038
77	1	The	1.8467
77	2	dog	11.618
77	3	walked	9.32006
77	4	on	1.80157
77	5	the	1.16771
77	6	beach	7.82992
77	7	UNK-LC-ed	6.74258
77	8	after	4.54429
77	9	a	2.71258
77	10	bird	11.2701
78	1	The	1.83251
78	2	dog	11.5532
78	3	that	14.9305
78	4	was	4.92399
78	5	walked	11.5134
78	6	on	2.52518
78	7	the	2.25471
78	8	beach	7.92536
78	9	UNK-LC-ed	10.5262
78	10	after	4.35022
78	11	a	1.87029
78	12	bird	11.7276
79	1	The	1.91109
79	2	dog	11.662
79	3	seen	11.1899
79	4	on	7.20113
79	5	the	2.23454
79	6	beach	10.1967
79	7	UNK-LC-ed	6.06966
79	8	after	4.63464
79	9	a	2.1129
79	10	bird	11.3083
80	1	The	1.60101
80	2	dog	11.4402
80	3	that	16.33
80	4	was	7.39127
80	5	seen	5.351
80	6	on	4.28641
80	7	the	1.16178
80	8	beach	8.98239
80	9	UNK-LC-ed	11.8273
80	10	after	4.74765
80	11	a	2.43365
80	12	bird	11.7059
81	1	The	1.75627
81	2	ship	8.88907
81	3	steered	9.63372
81	4	off	4.57706
81	5	course	9.60621
81	6	sank	16.5936
81	7	in	6.20572
81	8	the	1.65516
81	9	storm	7.93451
82	1	The	1.79762
82	2	ship	8.8998
82	3	that	11.0573
82	4	was	6.18641
82	5	steered	10.4533
82	6	off	4.60843
82	7	course	10.4633
82	8	sank	17.0341
82	9	in	5.39138
82	10	the	1.49441
82	11	storm	7.71141
83	1	The	1.78749
83	2	ship	8.95095
83	3	blown	11.4381
83	4	off	3.07084
83	5	course	10.0537
83	6	sank	16.5774
83	7	in	3.15223
83	8	the	1.5308
83	9	storm	8.6004
84	1	The	1.90629
84	2	ship	9.3954
84	3	that	4.64414
84	4	was	3.21022
84	5	blown	9.88097
84	6	off	2.93572
84	7	course	15.5015
84	8	sank	12.2043
84	9	in	4.33162
84	10	the	1.83491
84	11	storm	8.26507
85	1	The	1.78849
85	2	fans	11.4067
85	3	cheered	11.219
85	4	at	6.76293
85	5	the	1.54416
85	6	concert	10.7326
85	7	took	14.1968
85	8	photos	10.5611
85	9	with	5.16496
85	10	their	5.43784
85	11	phones	7.90181
86	1	The	1.71505
86	2	fans	11.4453
86	3	that	10.5868
86	4	were	6.272
86	5	cheered	7.57479
86	6	at	4.69238
86	7	the	2.03021
86	8	concert	10.355
86	9	took	15.0587
86	10	photos	14.1128
86	11	with	7.93374
86	12	their	5.58828
86	13	phones	7.95922
87	1	The	1.79499
87	2	fans	11.6154
87	3	UNK-LC-ed	5.58805
87	4	at	3.87273
87	5	the	1.31642
87	6	concert	10.5369
87	7	took	15.7604
87	8	photos	10.9644
87	9	with	5.30309
87	10	their	5.32416
87	11	phones	7.86122
88	1	The	1.82199
88	2	fans	11.4707
88	3	that	7.9626
88	4	were	14.7756
88	5	UNK-LC-ed	9.91064
88	6	at	4.11149
88	7	the	1.16133
88	8	concert	9.5539
88	9	took	7.12936
88	10	photos	9.16676
88	11	with	8.90351
88	12	their	5.70195
88	13	phones	7.59068
89	1	The	1.62845
89	2	boat	11.224
89	3	steered	10.0462
89	4	to	2.9388
89	5	the	1.38781
89	6	sea	9.33143
89	7	disappeared	13.5834
89	8	in	2.04199
89	9	the	1.46867
89	10	storm	8.6042
90	1	The	1.73138
90	2	boat	11.2924
90	3	that	4.16806
90	4	was	3.58257
90	5	steered	10.7032
90	6	in	3.80937
90	7	the	2.1686
90	8	sea	8.3406
90	9	disappeared	11.542
90	10	in	2.48253
90	11	the	1.5134
90	12	storm	8.07755
91	1	The	1.70169
91	2	boat	11.4825
91	3	sunk	16.5421
91	4	in	3.21964
91	5	the	2.84983
91	6	sea	8.16
91	7	disappeared	14.6467
91	8	in	1.54555
91	9	the	1.2505
91	10	storm	8.15734
92	1	The	2.03121
92	2	boat	11.2208
92	3	that	4.86279
92	4	was	3.57949
92	5	sunk	11.677
92	6	in	3.11726
92	7	the	1.34779
92	8	sea	9.48109
92	9	disappeared	10.5451
92	10	in	2.45362
92	11	the	1.4689
92	12	storm	8.03123
93	1	The	1.86468
93	2	couple	8.76834
93	3	bought	16.7687
93	4	the	13.0002
93	5	apartment	12.1793
93	6	moved	14.1511
93	7	to	1.0541
93	8	a	2.53531
93	9	different	9.18298
93	10	city	5.14303
94	1	The	2.01725
94	2	couple	9.44838
94	3	that	9.51982
94	4	was	2.89096
94	5	bought	6.89929
94	6	the	9.22753
94	7	apartment	12.9823
94	8	moved	13.3288
94	9	to	2.69224
94	10	a	2.69749
94	11	different	7.4642
94	12	city	5.82255
95	1	The	1.71689
95	2	couple	9.08023
95	3	shown	11.4221
95	4	the	3.34894
95	5	apartment	10.9492
95	6	moved	12.6069
95	7	to	1.01345
95	8	a	2.19607
95	9	different	7.71558
95	10	city	5.88221
96	1	The	1.71181
96	2	couple	9.62507
96	3	that	9.82251
96	4	was	3.69511
96	5	shown	7.97198
96	6	the	6.01521
96	7	apartment	9.40339
96	8	moved	10.51
96	9	to	1.06247
96	10	a	1.88302
96	11	different	7.16099
96	12	city	6.7728
97	1	The	1.75166
97	2	girl	11.5047
97	3	made	6.0227
97	4	a	1.7239
97	5	new	4.1468
97	6	blanket	12.006
97	7	lost	12.4524
97	8	it	13.5224
97	9	during	5.5462
97	10	the	1.07068
97	11	trip	8.41742
98	1	The	1.80307
98	2	girl	11.3053
98	3	who	3.03082
98	4	was	3.97088
98	5	made	6.7742
98	6	a	5.49977
98	7	new	3.26749
98	8	blanket	12.388
98	9	lost	13.5454
98	10	it	11.0389
98	11	during	8.53022
98	12	the	1.23774
98	13	trip	8.35148
99	1	The	1.73113
99	2	girl	11.1121
99	3	given	9.63343
99	4	a	2.9641
99	5	new	3.51083
99	6	blanket	12.3753
99	7	lost	11.4693
99	8	it	12.6245
99	9	during	7.29224
99	10	the	0.973461
99	11	trip	8.76359
100	1	The	1.97929
100	2	girl	11.4829
100	3	who	2.56177
100	4	was	3.99651
100	5	given	6.35052
100	6	a	2.37411
100	7	new	3.46917
100	8	blanket	12.0044
100	9	lost	10.5708
100	10	it	3.86507
100	11	during	6.14484
100	12	the	1.20413
100	13	trip	8.25745
101	1	The	1.79029
101	2	airplane	21.6204
101	3	landed	12.8805
101	4	in	1.98201
101	5	the	2.50316
101	6	mountains	12.7879
101	7	broke	14.7596
101	8	down	5.29159
101	9	during	5.54008
101	10	the	1.07296
101	11	ice	10.4087
101	12	storm	10.5799
102	1	The	1.74309
102	2	airplane	21.4155
102	3	that	17.8653
102	4	was	2.16113
102	5	landed	11.9154
102	6	in	2.20218
102	7	the	2.40147
102	8	mountains	12.4778
102	9	broke	14.6775
102	10	down	5.3042
103	1	The	1.87249
103	2	airplane	20.4957
103	3	flown	14.5281
103	4	in	4.99657
103	5	the	2.05127
103	6	mountains	12.8982
103	7	broke	7.22233
103	8	down	2.91626
103	9	during	6.68893
103	10	the	1.0234
103	11	ice	10.4723
103	12	storm	10.421
104	1	The	1.84438
104	2	airplane	20.6136
104	3	that	16.5584
104	4	was	6.67763
104	5	flown	10.8461
104	6	in	2.40452
104	7	the	2.11195
104	8	mountains	11.3504
104	9	broke	15.9425
104	10	down	5.0948
104	11	during	5.90277
104	12	the	0.873014
104	13	ice	10.3318
104	14	storm	10.8957
105	1	The	1.8763
105	2	child	9.47591
105	3	carried	10.5823
105	4	down	2.66161
105	5	the	6.96627
105	6	hall	9.50013
105	7	yelled	9.68241
105	8	at	4.22743
105	9	the	1.35658
105	10	top	4.82307
105	11	of	1.48189
105	12	his	2.8209
105	13	lungs	8.48256
106	1	The	1.64319
106	2	child	11.0563
106	3	that	13.2044
106	4	was	6.91215
106	5	carried	7.77013
106	6	down	2.87974
106	7	the	7.51085
106	8	hall	10.9692
106	9	yelled	16.9739
106	10	at	4.16318
106	11	the	1.21198
106	12	top	5.0129
106	13	of	1.91266
106	14	his	2.90219
106	15	lungs	8.33476
107	1	The	1.72311
107	2	child	10.0208
107	3	borne	14.2104
107	4	down	4.05592
107	5	the	1.73246
107	6	hall	9.25714
107	7	yelled	17.2691
107	8	at	4.04447
107	9	the	1.29724
107	10	top	5.47212
107	11	of	8.92688
107	12	his	4.57422
107	13	lungs	8.76061
108	1	The	1.80858
108	2	child	9.70469
108	3	that	5.39193
108	4	was	3.5227
108	5	borne	9.97491
108	6	down	2.59107
108	7	the	4.56291
108	8	hall	9.12426
108	9	yelled	10.8644
108	10	at	4.44667
108	11	the	1.30385
108	12	top	4.79223
108	13	of	1.18359
108	14	his	2.38517
108	15	lungs	8.14808
