sentence_id	token_id	token	surprisal
1	1	The	1.76329
1	2	woman	8.34044
1	3	brought	7.37773
1	4	the	1.67381
1	5	sandwich	11.5292
1	6	from	4.13163
1	7	the	1.49545
1	8	kitchen	8.24993
1	9	fell	15.2654
1	10	in	2.69402
1	11	the	2.09059
1	12	dining	16.492
1	13	room	3.83752
2	1	The	1.91743
2	2	woman	8.39695
2	3	who	4.61792
2	4	was	3.08655
2	5	brought	6.24834
2	6	the	5.3332
2	7	sandwich	12.946
2	8	from	3.32595
2	9	the	1.37975
2	10	kitchen	8.37176
2	11	fell	7.91089
2	12	in	3.06733
2	13	the	2.82442
2	14	dining	16.404
2	15	room	4.07636
3	1	The	1.70377
3	2	woman	8.33159
3	3	given	10.9528
3	4	the	1.58806
3	5	sandwich	12.0731
3	6	from	4.22372
3	7	the	1.90345
3	8	kitchen	8.52899
3	9	fell	15.7303
3	10	in	2.95021
3	11	the	2.48153
3	12	dining	13.8723
3	13	room	4.01698
4	1	The	1.72491
4	2	woman	8.36845
4	3	who	12.607
4	4	was	3.55743
4	5	given	5.46352
4	6	the	1.99246
4	7	sandwich	12.0393
4	8	from	5.58132
4	9	the	1.32173
4	10	kitchen	8.50414
4	11	fell	15.4196
4	12	in	2.61126
4	13	the	2.24338
4	14	dining	16.4031
4	15	room	3.94394
5	1	The	1.77023
5	2	convict	15.3962
5	3	walked	20.7578
5	4	into	6.67004
5	5	the	1.42381
5	6	dark	7.7695
5	7	cell	11.3051
5	8	tried	10.7905
5	9	to	0.239378
5	10	escape	6.82161
5	11	but	11.6561
5	12	failed	11.1785
6	1	The	1.87511
6	2	convict	15.486
6	3	who	11.9464
6	4	was	3.11409
6	5	walked	12.0548
6	6	into	1.88705
6	7	the	1.44623
6	8	dark	6.29176
6	9	cell	10.4727
6	10	tried	16.2413
6	11	to	2.54787
6	12	escape	6.90213
6	13	but	5.85875
6	14	failed	5.94046
7	1	The	1.81247
7	2	convict	15.4209
7	3	taken	16.7726
7	4	into	8.48004
7	5	the	1.71077
7	6	dark	6.04861
7	7	cell	10.7697
7	8	tried	9.7313
7	9	to	0.465533
7	10	escape	6.72988
7	11	but	11.0826
7	12	failed	10.9384
8	1	The	1.82119
8	2	convict	15.5404
8	3	who	12.2216
8	4	was	3.08714
8	5	taken	6.64519
8	6	into	4.05621
8	7	the	1.7619
8	8	dark	6.47133
8	9	cell	10.4667
8	10	tried	14.3893
8	11	to	1.31853
8	12	escape	6.57828
8	13	but	11.5318
8	14	failed	12.4053
9	1	The	1.81586
9	2	prisoners	14.3478
9	3	hit	8.12493
9	4	for	5.29076
9	5	hours	8.71517
9	6	and	2.37841
9	7	hours	9.05506
9	8	confessed	14.1415
9	9	to	1.24713
9	10	crimes	10.9438
9	11	they	14.1323
9	12	never	9.39141
9	13	committed	10.1473
10	1	The	1.7114
10	2	prisoners	14.3383
10	3	who	4.79248
10	4	were	4.00053
10	5	hit	7.78515
10	6	for	4.60191
10	7	hours	7.80997
10	8	and	4.72694
10	9	hours	8.42508
10	10	confessed	11.6664
10	11	to	0.682856
10	12	crimes	11.5409
10	13	they	4.57826
10	14	never	6.98625
10	15	committed	8.34461
11	1	The	1.76596
11	2	prisoners	14.2045
11	3	beaten	12.2528
11	4	for	5.5169
11	5	hours	8.84552
11	6	and	3.43854
11	7	hours	9.7371
11	8	confessed	15.2354
11	9	to	2.59465
11	10	crimes	10.6894
11	11	they	5.60753
11	12	never	7.51175
11	13	committed	8.2811
12	1	The	1.88072
12	2	prisoners	14.4724
12	3	who	12.6365
12	4	were	7.21138
12	5	beaten	9.03187
12	6	for	4.68465
12	7	hours	7.92819
12	8	and	4.00649
12	9	hours	7.45437
12	10	confessed	14.1102
12	11	to	0.431621
12	12	crimes	10.3469
12	13	they	5.86299
12	14	never	8.06215
12	15	committed	8.49795
13	1	The	1.77338
13	2	business	8.08902
13	3	expanded	8.88963
13	4	into	5.33773
13	5	an	4.06198
13	6	empire	15.9525
13	7	was	14.4499
13	8	sold	3.26983
13	9	for	2.73077
13	10	billions	8.90468
13	11	of	0.0431809
13	12	dollars	2.18174
14	1	The	1.72199
14	2	business	8.29131
14	3	that	4.6146
14	4	was	3.42347
14	5	expanded	8.51011
14	6	into	4.76307
14	7	an	4.46684
14	8	empire	14.6175
14	9	was	2.8014
14	10	sold	4.298
14	11	for	2.39434
14	12	billions	8.92052
14	13	of	0.846552
14	14	dollars	2.19032
15	1	The	1.85877
15	2	business	7.77682
15	3	grown	15.4357
15	4	into	5.52075
15	5	an	4.57406
15	6	empire	17.4069
15	7	was	12.9937
15	8	sold	6.47608
15	9	for	2.5766
15	10	billions	8.95164
15	11	of	0.0456862
15	12	dollars	2.23689
16	1	The	1.78625
16	2	business	8.24025
16	3	that	4.59664
16	4	was	3.39007
16	5	grown	7.97818
16	6	into	4.30293
16	7	an	4.65669
16	8	empire	16.7678
16	9	was	1.96794
16	10	sold	4.44614
16	11	for	2.74579
16	12	billions	8.762
16	13	of	0.0364951
16	14	dollars	2.2644
17	1	The	1.7403
17	2	mice	13.4703
17	3	consumed	11.3387
17	4	rapidly	10.2921
17	5	and	2.02514
17	6	entirely	11.912
17	7	were	11.16
17	8	carrying	7.77212
17	9	a	2.15663
17	10	rare	7.07835
17	11	bacteria	10.5536
18	1	The	1.7828
18	2	mice	13.0224
18	3	that	4.88754
18	4	were	3.53857
18	5	consumed	8.23535
18	6	rapidly	7.94048
18	7	and	4.34614
18	8	entirely	9.94641
18	9	were	5.29787
18	10	carrying	9.38523
18	11	a	1.98138
18	12	rare	7.11188
18	13	bacteria	10.4459
19	1	The	1.75788
19	2	mice	13.2702
19	3	consumed	10.2022
19	4	rapidly	9.23763
19	5	and	8.06791
19	6	entirely	9.72103
19	7	were	8.27423
19	8	carrying	9.73499
19	9	a	2.44995
19	10	rare	7.06976
19	11	bacteria	10.6505
20	1	The	1.86431
20	2	mice	13.0008
20	3	that	5.97762
20	4	were	3.87321
20	5	consumed	8.34878
20	6	rapidly	8.36182
20	7	and	7.06651
20	8	entirely	7.70881
20	9	were	11.406
20	10	carrying	9.89725
20	11	a	3.27541
20	12	rare	7.19389
20	13	bacteria	10.4179
21	1	The	1.85359
21	2	lawyer	10.4028
21	3	pledged	8.24926
21	4	to	1.82878
21	5	keep	4.43064
21	6	silent	11.3493
21	7	was	15.256
21	8	discovered	10.3022
21	9	to	5.49573
21	10	have	13.3527
21	11	broken	8.18188
21	12	his	5.95248
21	13	promise	8.13624
22	1	The	1.97864
22	2	lawyer	10.3481
22	3	that	11.6782
22	4	was	7.3624
22	5	pledged	8.79
22	6	to	1.29788
22	7	keep	4.38985
22	8	silent	12.0258
22	9	was	14.8297
22	10	discovered	7.04217
22	11	to	4.66385
22	12	have	6.77797
22	13	broken	7.72018
22	14	his	6.74076
22	15	promise	7.89652
23	1	The	1.82492
23	2	lawyer	10.3283
23	3	committed	11.8882
23	4	to	4.69298
23	5	keep	13.8712
23	6	silent	14.0878
23	7	was	14.0069
23	8	discovered	8.31007
23	9	to	4.06327
23	10	have	5.89963
23	11	broken	7.97548
23	12	his	5.16221
23	13	promise	7.92801
24	1	The	1.81207
24	2	lawyer	10.3444
24	3	who	7.60463
24	4	was	7.39076
24	5	committed	10.4578
24	6	to	4.64653
24	7	keep	14.1095
24	8	silent	14.5962
24	9	was	7.05865
24	10	discovered	7.10777
24	11	to	4.00165
24	12	have	4.07263
24	13	broken	8.14136
24	14	his	4.16838
24	15	promise	8.06378
25	1	The	1.77078
25	2	child	10.4162
25	3	kicked	10.4936
25	4	in	2.70275
25	5	the	2.60287
25	6	chaos	9.75304
25	7	found	15.043
25	8	her	7.24618
25	9	way	6.99304
25	10	back	8.39835
25	11	home	5.58848
26	1	The	1.81845
26	2	child	9.42099
26	3	who	4.66547
26	4	was	3.57342
26	5	kicked	9.40252
26	6	in	2.32083
26	7	the	3.46052
26	8	chaos	11.35
26	9	found	8.4724
26	10	her	5.81607
26	11	way	8.22706
26	12	back	6.31825
26	13	home	6.68409
27	1	The	1.64821
27	2	child	9.65425
27	3	forgotten	13.3208
27	4	in	2.5311
27	5	the	1.69988
27	6	chaos	12.8523
27	7	found	6.93682
27	8	her	6.1203
27	9	way	6.97009
27	10	back	6.7483
27	11	home	6.80943
28	1	The	1.75506
28	2	child	10.029
28	3	who	5.42409
28	4	was	3.53481
28	5	forgotten	8.53854
28	6	in	2.25841
28	7	the	1.94282
28	8	chaos	12.394
28	9	found	7.66348
28	10	her	5.05716
28	11	way	8.03815
28	12	back	5.84716
28	13	home	6.01512
29	1	The	1.84344
29	2	horses	13.3544
29	3	UNK-LC-ed	6.16899
29	4	past	8.17648
29	5	the	4.76994
29	6	barn	9.77875
29	7	fell	14.2133
29	8	into	4.26633
29	9	a	2.0615
29	10	swamp	14.2976
30	1	The	1.73994
30	2	horses	13.3365
30	3	that	10.4199
30	4	were	9.02484
30	5	UNK-LC-ed	3.98271
30	6	past	7.81985
30	7	the	4.08253
30	8	barn	9.60031
30	9	fell	15.4713
30	10	into	4.10364
30	11	a	2.32266
30	12	swamp	14.3673
31	1	The	1.90033
31	2	horses	13.4052
31	3	taken	10.5979
31	4	past	9.4557
31	5	the	3.92938
31	6	barn	9.92454
31	7	fell	15.9273
31	8	into	3.71164
31	9	a	2.32414
31	10	swamp	14.7845
32	1	The	1.83439
32	2	horses	13.1473
32	3	that	9.14974
32	4	were	7.01708
32	5	taken	4.76085
32	6	past	8.07742
32	7	the	4.6515
32	8	barn	9.92899
32	9	fell	13.9856
32	10	into	3.57302
32	11	a	2.0155
32	12	swamp	14.288
33	1	The	1.89793
33	2	artist	9.70597
33	3	painted	11.5834
33	4	a	6.02058
33	5	impressionist	15.5033
33	6	portrait	14.0726
33	7	was	3.31013
33	8	impressed	7.48925
33	9	with	1.76391
33	10	the	1.87663
33	11	work	7.80309
34	1	The	1.76993
34	2	artist	9.58551
34	3	who	3.91906
34	4	was	4.23038
34	5	painted	7.84488
34	6	a	5.45109
34	7	impressionist	15.636
34	8	portrait	12.1113
34	9	was	4.09878
34	10	impressed	7.63572
34	11	with	2.50833
34	12	the	1.88515
34	13	work	7.7447
35	1	The	1.87893
35	2	artist	9.75416
35	3	drawn	11.0501
35	4	a	2.51399
35	5	impressionist	16.7575
35	6	portrait	11.3194
35	7	was	12.9498
35	8	impressed	11.6273
35	9	with	2.45934
35	10	the	1.87065
35	11	work	7.22638
36	1	The	1.70565
36	2	artist	9.56363
36	3	who	3.51369
36	4	was	4.14284
36	5	drawn	8.11139
36	6	a	6.84043
36	7	impressionist	16.2798
36	8	portrait	11.4767
36	9	was	4.23636
36	10	impressed	7.46362
36	11	with	2.34656
36	12	the	1.78871
36	13	work	7.14897
37	1	The	1.78297
37	2	car	8.79117
37	3	steered	11.2291
37	4	into	3.81511
37	5	the	1.45801
37	6	parking	7.4689
37	7	lot	3.8586
37	8	crashed	15.9201
37	9	into	7.5156
37	10	a	1.83609
37	11	concrete	7.56486
37	12	wall	5.44948
38	1	The	1.83493
38	2	car	8.97763
38	3	that	10.1689
38	4	was	3.58478
38	5	steered	11.0429
38	6	into	2.87869
38	7	the	1.53622
38	8	parking	7.52929
38	9	lot	3.82004
38	10	crashed	15.4348
38	11	into	7.76688
38	12	a	1.95324
38	13	concrete	7.19235
38	14	wall	5.23154
39	1	The	1.70466
39	2	car	8.94083
39	3	driven	12.7618
39	4	into	5.23388
39	5	the	1.4982
39	6	parking	7.65638
39	7	lot	3.62105
39	8	crashed	14.0815
39	9	into	7.48239
39	10	a	1.74299
39	11	concrete	8.05523
39	12	wall	5.9741
40	1	The	1.84341
40	2	car	8.75158
40	3	that	4.37105
40	4	was	2.92865
40	5	driven	7.79925
40	6	into	3.6003
40	7	the	1.51536
40	8	parking	7.83105
40	9	lot	3.27021
40	10	crashed	11.6673
40	11	into	4.55542
40	12	a	1.70126
40	13	concrete	8.34658
40	14	wall	5.90546
41	1	The	1.84503
41	2	campaign	7.36413
41	3	intended	9.54187
41	4	to	0.102457
41	5	be	2.9958
41	6	very	8.66415
41	7	popular	7.64253
41	8	was	13.6878
41	9	still	8.1927
41	10	unsuccessful	7.63001
42	1	The	1.83544
42	2	campaign	7.53622
42	3	that	9.7302
42	4	was	3.51514
42	5	intended	7.29307
42	6	to	0.184913
42	7	be	2.66036
42	8	very	9.12218
42	9	popular	7.50665
42	10	was	14.9444
42	11	still	8.41127
42	12	unsuccessful	9.3705
43	1	The	1.76421
43	2	campaign	7.62296
43	3	known	9.68507
43	4	to	3.15313
43	5	be	2.09822
43	6	very	8.5506
43	7	popular	7.25383
43	8	was	3.24247
43	9	still	5.86133
43	10	unsuccessful	9.88275
44	1	The	1.76504
44	2	campaign	7.53746
44	3	that	3.29642
44	4	was	3.12007
44	5	known	6.96773
44	6	to	2.65511
44	7	be	3.17566
44	8	very	8.28344
44	9	popular	7.74272
44	10	was	3.57227
44	11	still	5.94648
44	12	unsuccessful	9.5765
45	1	The	1.8646
45	2	student	10.0232
45	3	composed	11.9599
45	4	a	4.95314
45	5	carefully	8.07783
45	6	worded	8.26952
45	7	excuse	10.9183
45	8	forgot	17.2032
45	9	to	2.09867
45	10	give	6.22966
45	11	it	2.55119
45	12	to	3.11761
45	13	the	1.35906
45	14	teacher	11.5999
46	1	The	1.82804
46	2	student	9.98212
46	3	who	13.4221
46	4	was	4.75762
46	5	composed	7.84476
46	6	a	5.44174
46	7	carefully	10.9796
46	8	worded	7.55536
46	9	excuse	9.40689
46	10	forgot	14.6452
46	11	to	3.75872
46	12	give	5.14577
46	13	it	2.76369
46	14	to	2.87038
46	15	the	1.35231
46	16	teacher	11.6986
47	1	The	1.77579
47	2	student	10.0508
47	3	written	10.9106
47	4	a	3.06819
47	5	carefully	12.0796
47	6	worded	9.99881
47	7	excuse	10.4859
47	8	forgot	15.5933
47	9	to	4.03052
47	10	give	6.42922
47	11	it	2.36866
47	12	to	3.58893
47	13	the	1.48379
47	14	teacher	11.528
48	1	The	1.69033
48	2	student	10.0395
48	3	who	5.52414
48	4	was	3.30579
48	5	written	6.10479
48	6	a	6.48521
48	7	carefully	9.50442
48	8	worded	9.1932
48	9	excuse	10.5261
48	10	forgot	12.1299
48	11	to	6.83991
48	12	give	13.9772
48	13	it	4.45037
48	14	to	2.5978
48	15	the	1.42319
48	16	teacher	11.2068
49	1	The	1.6634
49	2	television	9.09327
49	3	show	4.8903
49	4	started	6.08058
49	5	three	6.49786
49	6	weeks	4.25403
49	7	ago	7.40977
49	8	was	13.9551
49	9	canceled	6.92338
49	10	immediately	15.4196
50	1	The	1.69067
50	2	television	8.7792
50	3	show	4.97855
50	4	that	3.11634
50	5	was	3.22282
50	6	started	8.29307
50	7	three	8.31898
50	8	weeks	3.51236
50	9	ago	7.07185
50	10	was	3.3201
50	11	canceled	7.8507
50	12	immediately	12.9071
51	1	The	1.77304
51	2	television	8.98307
51	3	show	4.97746
51	4	begun	12.8808
51	5	three	7.76433
51	6	weeks	4.11163
51	7	ago	7.71556
51	8	was	15.6805
51	9	canceled	9.88697
51	10	immediately	13.4199
52	1	The	1.67345
52	2	television	8.92429
52	3	show	5.00666
52	4	that	11.9126
52	5	was	7.18952
52	6	begun	9.20634
52	7	three	8.01089
52	8	weeks	3.76551
52	9	ago	7.08029
52	10	was	13.4963
52	11	canceled	8.59469
52	12	immediately	12.7387
53	1	The	1.78372
53	2	boys	10.1707
53	3	performed	10.3526
53	4	an	6.94989
53	5	unsolicited	7.13728
53	6	favor	13.8291
53	7	appreciated	16.65
53	8	the	3.32897
53	9	person	8.55322
53	10	who	4.68606
53	11	helped	5.93867
53	12	them	4.75208
54	1	The	1.79471
54	2	boys	9.96832
54	3	who	2.84737
54	4	were	3.19397
54	5	performed	9.4025
54	6	an	9.00015
54	7	unsolicited	7.87835
54	8	favor	13.1572
54	9	appreciated	11.6779
54	10	the	2.93268
54	11	person	8.6317
54	12	who	3.96788
54	13	helped	5.85002
54	14	them	4.35401
55	1	The	1.72157
55	2	boys	9.94373
55	3	done	10.9356
55	4	an	3.70551
55	5	unsolicited	8.06245
55	6	favor	12.8589
55	7	appreciated	13.1724
55	8	the	6.56913
55	9	person	8.92189
55	10	who	4.26268
55	11	helped	5.5777
55	12	them	5.11163
56	1	The	1.69893
56	2	boys	9.70043
56	3	who	2.6948
56	4	were	3.21544
56	5	done	6.83861
56	6	an	8.01212
56	7	unsolicited	8.29728
56	8	favor	12.1567
56	9	appreciated	11.4692
56	10	the	2.82251
56	11	person	8.51434
56	12	who	5.05666
56	13	helped	5.64947
56	14	them	4.53371
57	1	The	1.78037
57	2	player	11.9812
57	3	tossed	11.8279
57	4	the	1.9976
57	5	baseball	7.20619
57	6	dropped	18.6656
57	7	it	7.02299
57	8	on	4.47326
57	9	the	1.37314
57	10	ground	6.24093
58	1	The	1.73139
58	2	player	12.066
58	3	who	6.87193
58	4	was	3.48899
58	5	tossed	7.78139
58	6	the	6.23522
58	7	baseball	7.44629
58	8	dropped	17.6766
58	9	it	10.1299
58	10	on	3.61374
58	11	the	1.13855
58	12	ground	6.11602
59	1	The	1.74408
59	2	player	11.8105
59	3	thrown	13.125
59	4	the	5.7186
59	5	baseball	7.59821
59	6	dropped	18.4817
59	7	it	8.89442
59	8	on	5.09103
59	9	the	1.43193
59	10	ground	6.3788
60	1	The	1.74055
60	2	player	12.1433
60	3	who	6.87197
60	4	was	3.5169
60	5	thrown	6.89616
60	6	the	5.93401
60	7	baseball	7.5098
60	8	dropped	17.3587
60	9	it	10.5956
60	10	on	3.80299
60	11	the	1.13357
60	12	ground	6.06249
61	1	The	1.86921
61	2	child	9.39586
61	3	jumped	10.4405
61	4	past	10.3087
61	5	the	4.73701
61	6	swings	15.0022
61	7	was	14.9698
61	8	upset	10.0128
61	9	about	2.17286
61	10	it	5.85315
62	1	The	1.93617
62	2	child	10.0895
62	3	who	14.9013
62	4	was	6.81666
62	5	jumped	12.6643
62	6	past	9.32492
62	7	the	3.58607
62	8	swings	12.9328
62	9	was	14.2086
62	10	upset	11.5323
62	11	about	3.53785
62	12	it	4.95066
63	1	The	1.91231
63	2	child	10.0233
63	3	led	7.81254
63	4	past	9.81684
63	5	the	4.93142
63	6	swings	12.7311
63	7	was	15.165
63	8	upset	11.5667
63	9	about	5.18652
63	10	it	4.81568
64	1	The	1.94547
64	2	child	9.55782
64	3	who	3.91059
64	4	was	3.58623
64	5	led	7.68512
64	6	past	8.93443
64	7	the	6.15098
64	8	swings	14.1088
64	9	was	4.3788
64	10	upset	7.9523
64	11	about	1.67459
64	12	it	6.07544
65	1	The	1.80295
65	2	students	12.4539
65	3	prepared	11.5636
65	4	a	3.16399
65	5	fancy	7.96081
65	6	dinner	10.0385
65	7	ate	14.9922
65	8	the	2.81217
65	9	meal	11.8171
65	10	quickly	11.0103
66	1	The	1.84213
66	2	students	12.2385
66	3	who	2.26457
66	4	were	3.47494
66	5	prepared	7.03141
66	6	a	7.74514
66	7	fancy	8.42782
66	8	dinner	10.6769
66	9	ate	11.311
66	10	the	2.3367
66	11	meal	11.7859
66	12	quickly	7.10965
67	1	The	1.78626
67	2	students	12.8958
67	3	gotten	12.9835
67	4	a	3.23449
67	5	fancy	8.15777
67	6	dinner	10.4315
67	7	ate	16.1163
67	8	the	2.94258
67	9	meal	11.5665
67	10	quickly	12.4011
68	1	The	1.73665
68	2	students	12.2924
68	3	who	3.27721
68	4	were	3.51883
68	5	gotten	9.4631
68	6	a	4.14846
68	7	fancy	8.10627
68	8	dinner	10.4705
68	9	ate	11.7601
68	10	the	2.61154
68	11	meal	11.6721
68	12	quickly	7.19651
69	1	The	1.70347
69	2	infant	11.0781
69	3	fed	12.4896
69	4	during	10.4406
69	5	the	1.04276
69	6	night	7.0437
69	7	yelled	14.4235
69	8	intensely	11.0189
70	1	The	1.70547
70	2	infant	10.9999
70	3	that	13.7404
70	4	was	2.94645
70	5	fed	9.17798
70	6	during	8.42803
70	7	the	1.07073
70	8	night	7.32545
70	9	yelled	16.0779
70	10	intensely	13.4055
71	1	The	1.77356
71	2	infant	11.0246
71	3	aroused	11.513
71	4	during	8.93703
71	5	the	1.05008
71	6	night	7.20178
71	7	yelled	15.845
71	8	intensely	12.9416
72	1	The	1.86161
72	2	infant	11.0933
72	3	that	13.9163
72	4	was	4.10925
72	5	aroused	8.53436
72	6	during	5.93273
72	7	the	1.0053
72	8	night	7.64194
72	9	yelled	16.4485
72	10	intensely	11.7297
73	1	The	1.83251
73	2	refugee	11.0206
73	3	sheltered	16.1746
73	4	in	5.60706
73	5	the	1.60218
73	6	basement	9.77152
73	7	departed	10.4982
73	8	during	5.65015
73	9	the	1.06484
73	10	night	6.61765
74	1	The	1.77354
74	2	refugee	11.2984
74	3	who	14.0777
74	4	was	2.97011
74	5	sheltered	12.6734
74	6	in	1.57817
74	7	the	2.02553
74	8	basement	10.7095
74	9	departed	17.0575
74	10	during	7.25582
74	11	the	0.827337
74	12	night	6.31438
75	1	The	1.97953
75	2	refugee	11.0307
75	3	hidden	11.2276
75	4	in	7.72867
75	5	the	1.18267
75	6	basement	9.2789
75	7	departed	10.8474
75	8	during	6.35726
75	9	the	1.00806
75	10	night	6.60555
76	1	The	1.75614
76	2	refugee	11.3281
76	3	who	6.19576
76	4	was	2.9008
76	5	hidden	9.00565
76	6	in	2.33587
76	7	the	1.45414
76	8	basement	9.60075
76	9	departed	11.137
76	10	during	6.25213
76	11	the	1.09527
76	12	night	6.96668
77	1	The	1.7599
77	2	dog	11.5541
77	3	walked	9.48772
77	4	on	1.62935
77	5	the	1.48247
77	6	beach	7.99619
77	7	UNK-LC-ed	10.6454
77	8	after	4.38102
77	9	a	1.95681
77	10	bird	11.755
78	1	The	1.79908
78	2	dog	11.5319
78	3	that	15.2977
78	4	was	12.76
78	5	walked	10.5902
78	6	on	2.44065
78	7	the	1.46085
78	8	beach	8.222
78	9	UNK-LC-ed	11.2026
78	10	after	4.25894
78	11	a	1.97471
78	12	bird	11.7473
79	1	The	1.83908
79	2	dog	11.5972
79	3	seen	11.8499
79	4	on	5.98874
79	5	the	1.23836
79	6	beach	8.12764
79	7	UNK-LC-ed	8.33584
79	8	after	5.2686
79	9	a	2.20706
79	10	bird	11.6635
80	1	The	1.79907
80	2	dog	11.6332
80	3	that	10.1096
80	4	was	15.7883
80	5	seen	12.9921
80	6	on	6.18362
80	7	the	1.03762
80	8	beach	9.24287
80	9	UNK-LC-ed	8.05874
80	10	after	4.7928
80	11	a	2.18298
80	12	bird	11.5661
81	1	The	1.75403
81	2	ship	8.94279
81	3	steered	10.4831
81	4	off	4.5222
81	5	course	10.0906
81	6	sank	16.0369
81	7	in	4.55267
81	8	the	1.58721
81	9	storm	7.95277
82	1	The	1.82576
82	2	ship	8.90758
82	3	that	12.3728
82	4	was	18.467
82	5	steered	16.6265
82	6	off	7.0806
82	7	course	9.23049
82	8	sank	10.9635
82	9	in	4.02022
82	10	the	1.77411
82	11	storm	8.48657
83	1	The	1.74646
83	2	ship	8.96494
83	3	blown	12.1318
83	4	off	3.13276
83	5	course	10.3341
83	6	sank	14.7699
83	7	in	4.28193
83	8	the	2.11558
83	9	storm	8.23037
84	1	The	1.7367
84	2	ship	8.92445
84	3	that	14.7356
84	4	was	4.60032
84	5	blown	10.312
84	6	off	2.54868
84	7	course	13.1498
84	8	sank	16.4356
84	9	in	3.41566
84	10	the	1.65545
84	11	storm	8.52854
85	1	The	1.67976
85	2	fans	11.5388
85	3	cheered	11.2906
85	4	at	7.00843
85	5	the	1.80912
85	6	concert	10.6202
85	7	took	13.7367
85	8	photos	11.1201
85	9	with	9.03773
85	10	their	5.6334
85	11	phones	8.00291
86	1	The	1.79864
86	2	fans	11.4926
86	3	that	4.37991
86	4	were	3.11972
86	5	cheered	8.77068
86	6	at	4.52762
86	7	the	1.3256
86	8	concert	9.75193
86	9	took	12.8202
86	10	photos	10.6001
86	11	with	6.805
86	12	their	5.5057
86	13	phones	7.71754
87	1	The	1.74859
87	2	fans	11.4568
87	3	UNK-LC-ed	5.73259
87	4	at	4.1818
87	5	the	1.63168
87	6	concert	10.1388
87	7	took	8.43348
87	8	photos	9.33001
87	9	with	4.73817
87	10	their	5.24063
87	11	phones	8.10618
88	1	The	2.13313
88	2	fans	11.5652
88	3	that	9.4045
88	4	were	6.54897
88	5	UNK-LC-ed	4.17305
88	6	at	3.62581
88	7	the	1.30134
88	8	concert	10.3776
88	9	took	12.9553
88	10	photos	10.8031
88	11	with	4.54272
88	12	their	5.32704
88	13	phones	7.72812
89	1	The	1.73881
89	2	boat	11.3346
89	3	steered	9.53291
89	4	to	3.67608
89	5	the	1.22964
89	6	sea	9.08916
89	7	disappeared	13.508
89	8	in	1.7081
89	9	the	1.40192
89	10	storm	8.82844
90	1	The	1.86966
90	2	boat	11.1726
90	3	that	4.86259
90	4	was	3.62412
90	5	steered	10.6925
90	6	in	4.22475
90	7	the	2.65075
90	8	sea	8.02025
90	9	disappeared	10.4004
90	10	in	2.55293
90	11	the	1.51028
90	12	storm	8.08474
91	1	The	1.86749
91	2	boat	11.2808
91	3	sunk	15.7091
91	4	in	3.12021
91	5	the	2.46011
91	6	sea	8.67978
91	7	disappeared	14.3963
91	8	in	1.57669
91	9	the	1.2607
91	10	storm	8.69311
92	1	The	1.78547
92	2	boat	11.3591
92	3	that	4.86297
92	4	was	3.55639
92	5	sunk	11.7984
92	6	in	3.21992
92	7	the	1.86259
92	8	sea	9.09562
92	9	disappeared	10.7998
92	10	in	2.62133
92	11	the	1.77189
92	12	storm	8.0901
93	1	The	1.89969
93	2	couple	9.46776
93	3	bought	10.0206
93	4	the	2.45808
93	5	apartment	11.7892
93	6	moved	15.1971
93	7	to	0.971066
93	8	a	2.46009
93	9	different	8.4002
93	10	city	5.47303
94	1	The	1.90704
94	2	couple	9.40579
94	3	that	9.26576
94	4	was	4.02839
94	5	bought	8.1428
94	6	the	6.3879
94	7	apartment	11.5588
94	8	moved	13.9479
94	9	to	1.19693
94	10	a	2.25983
94	11	different	8.42415
94	12	city	5.75521
95	1	The	1.7549
95	2	couple	8.88012
95	3	shown	11.7632
95	4	the	3.05345
95	5	apartment	10.5187
95	6	moved	10.1482
95	7	to	1.3166
95	8	a	1.98184
95	9	different	6.9665
95	10	city	6.562
96	1	The	1.84605
96	2	couple	9.24244
96	3	that	9.93776
96	4	was	2.90279
96	5	shown	8.03358
96	6	the	11.1248
96	7	apartment	12.5829
96	8	moved	11.0352
96	9	to	0.857859
96	10	a	1.925
96	11	different	6.75157
96	12	city	6.77404
97	1	The	1.90595
97	2	girl	11.2555
97	3	made	5.83131
97	4	a	1.87891
97	5	new	3.99646
97	6	blanket	12.2117
97	7	lost	12.1134
97	8	it	7.98494
97	9	during	6.32396
97	10	the	1.02965
97	11	trip	8.50284
98	1	The	1.73647
98	2	girl	11.3808
98	3	who	3.54246
98	4	was	3.97994
98	5	made	6.84536
98	6	a	5.92645
98	7	new	3.20406
98	8	blanket	12.1345
98	9	lost	10.9298
98	10	it	4.1185
98	11	during	6.27245
98	12	the	1.21451
98	13	trip	8.2359
99	1	The	1.97696
99	2	girl	11.0109
99	3	given	10.1414
99	4	a	3.27451
99	5	new	3.72174
99	6	blanket	12.0062
99	7	lost	10.7235
99	8	it	4.54557
99	9	during	6.10714
99	10	the	1.21401
99	11	trip	8.19356
100	1	The	1.80501
100	2	girl	11.5559
100	3	who	11.2529
100	4	was	4.31651
100	5	given	5.78079
100	6	a	2.04215
100	7	new	3.58484
100	8	blanket	11.9617
100	9	lost	12.9201
100	10	it	12.7462
100	11	during	5.79182
100	12	the	1.22358
100	13	trip	8.36947
101	1	The	1.71582
101	2	airplane	21.6281
101	3	landed	12.8806
101	4	in	1.89313
101	5	the	2.46298
101	6	mountains	12.9717
101	7	broke	12.8299
101	8	down	3.40865
101	9	during	5.9343
101	10	the	0.911295
101	11	ice	9.84714
101	12	storm	11.3395
102	1	The	1.76814
102	2	airplane	20.4332
102	3	that	16.6276
102	4	was	10.1822
102	5	landed	11.8297
102	6	in	2.43233
102	7	the	2.35195
102	8	mountains	12.3149
102	9	broke	8.9819
102	10	down	3.27666
103	1	The	1.82797
103	2	airplane	21.4005
103	3	flown	16.7026
103	4	in	3.13462
103	5	the	2.1371
103	6	mountains	13.4908
103	7	broke	7.7182
103	8	down	2.55512
103	9	during	6.23561
103	10	the	1.02075
103	11	ice	10.3987
103	12	storm	10.3025
104	1	The	1.87056
104	2	airplane	20.4333
104	3	that	17.1001
104	4	was	3.61113
104	5	flown	11.2738
104	6	in	2.05753
104	7	the	2.03963
104	8	mountains	11.5679
104	9	broke	16.3328
104	10	down	4.32657
104	11	during	5.39965
104	12	the	0.815613
104	13	ice	10.6384
104	14	storm	10.3871
105	1	The	1.87285
105	2	child	10.5979
105	3	carried	8.83118
105	4	down	4.01466
105	5	the	1.98255
105	6	hall	9.0602
105	7	yelled	16.4326
105	8	at	5.7959
105	9	the	1.29552
105	10	top	4.75317
105	11	of	0.835236
105	12	his	2.73499
105	13	lungs	8.24489
106	1	The	1.72463
106	2	child	10.0362
106	3	that	13.3407
106	4	was	5.99201
106	5	carried	7.91643
106	6	down	2.76886
106	7	the	6.81944
106	8	hall	9.94983
106	9	yelled	17.3964
106	10	at	4.0827
106	11	the	1.52022
106	12	top	4.89998
106	13	of	8.76265
106	14	his	4.78067
106	15	lungs	8.59464
107	1	The	1.6583
107	2	child	10.0638
107	3	borne	14.5225
107	4	down	3.99602
107	5	the	2.25751
107	6	hall	9.25687
107	7	yelled	17.1008
107	8	at	4.31376
107	9	the	1.37911
107	10	top	5.23253
107	11	of	1.39762
107	12	his	2.59157
107	13	lungs	8.2549
108	1	The	1.82873
108	2	child	10.4241
108	3	that	5.27287
108	4	was	3.53901
108	5	borne	10.027
108	6	down	2.48833
108	7	the	4.66847
108	8	hall	9.08342
108	9	yelled	10.753
108	10	at	4.52579
108	11	the	1.30336
108	12	top	4.77661
108	13	of	1.48529
108	14	his	2.37424
108	15	lungs	8.14416
