sentence_id	token_id	token	surprisal
1	1	The	1.81714
1	2	woman	8.34562
1	3	brought	7.77328
1	4	the	1.6704
1	5	sandwich	11.6037
1	6	from	3.53052
1	7	the	1.71233
1	8	kitchen	8.59967
1	9	fell	14.8063
1	10	in	3.15752
1	11	the	2.34435
1	12	dining	15.7627
1	13	room	4.19886
2	1	The	1.71114
2	2	woman	8.38658
2	3	who	12.1902
2	4	was	3.67969
2	5	brought	6.13633
2	6	the	4.89037
2	7	sandwich	12.1531
2	8	from	4.20331
2	9	the	1.60295
2	10	kitchen	8.63658
2	11	fell	14.5457
2	12	in	3.03947
2	13	the	2.3586
2	14	dining	15.6178
2	15	room	3.79401
3	1	The	1.71188
3	2	woman	8.37129
3	3	given	11.0322
3	4	the	1.52803
3	5	sandwich	11.6991
3	6	from	4.39413
3	7	the	2.14299
3	8	kitchen	8.52997
3	9	fell	15.5528
3	10	in	3.48506
3	11	the	2.24524
3	12	dining	15.5669
3	13	room	4.06624
4	1	The	1.74783
4	2	woman	8.38368
4	3	who	12.8368
4	4	was	4.03453
4	5	given	5.24609
4	6	the	1.83654
4	7	sandwich	12.3751
4	8	from	4.68339
4	9	the	1.89471
4	10	kitchen	8.66986
4	11	fell	15.1675
4	12	in	3.1236
4	13	the	2.3316
4	14	dining	15.5634
4	15	room	3.93166
5	1	The	1.76826
5	2	convict	15.4035
5	3	walked	21.2468
5	4	into	7.61795
5	5	the	1.42489
5	6	dark	7.75425
5	7	cell	11.3884
5	8	tried	9.94075
5	9	to	0.290936
5	10	escape	6.74125
5	11	but	11.7218
5	12	failed	9.61344
6	1	The	1.87294
6	2	convict	15.3606
6	3	who	12.2189
6	4	was	3.2311
6	5	walked	12.229
6	6	into	1.91511
6	7	the	1.52742
6	8	dark	6.1607
6	9	cell	10.6168
6	10	tried	14.4312
6	11	to	2.57052
6	12	escape	6.78636
6	13	but	10.4186
6	14	failed	10.8132
7	1	The	1.65067
7	2	convict	15.3661
7	3	taken	16.6244
7	4	into	8.01009
7	5	the	1.61251
7	6	dark	7.63447
7	7	cell	10.7639
7	8	tried	9.94752
7	9	to	0.496536
7	10	escape	6.64138
7	11	but	8.47817
7	12	failed	10.9749
8	1	The	1.79678
8	2	convict	15.4434
8	3	who	12.0348
8	4	was	3.11068
8	5	taken	6.68906
8	6	into	3.55002
8	7	the	1.71462
8	8	dark	6.78364
8	9	cell	10.6578
8	10	tried	15.2917
8	11	to	1.65404
8	12	escape	6.48355
8	13	but	9.33796
8	14	failed	9.4004
9	1	The	1.72781
9	2	prisoners	14.3641
9	3	hit	8.40021
9	4	for	5.46394
9	5	hours	8.65042
9	6	and	3.19046
9	7	hours	6.82626
9	8	confessed	14.5631
9	9	to	0.498718
9	10	crimes	10.6042
9	11	they	4.90268
9	12	never	7.56788
9	13	committed	8.0344
10	1	The	1.92731
10	2	prisoners	14.3619
10	3	who	5.48553
10	4	were	3.97374
10	5	hit	7.72616
10	6	for	4.68596
10	7	hours	7.88811
10	8	and	2.92682
10	9	hours	6.67796
10	10	confessed	12.8114
10	11	to	0.567247
10	12	crimes	11.047
10	13	they	13.692
10	14	never	7.3644
10	15	committed	8.2933
11	1	The	1.77139
11	2	prisoners	14.4435
11	3	beaten	12.3875
11	4	for	5.0724
11	5	hours	8.7941
11	6	and	3.848
11	7	hours	6.95527
11	8	confessed	13.9091
11	9	to	0.224595
11	10	crimes	10.3327
11	11	they	5.60978
11	12	never	7.96637
11	13	committed	7.93361
12	1	The	1.84335
12	2	prisoners	14.3354
12	3	who	5.48543
12	4	were	4.01779
12	5	beaten	9.14306
12	6	for	4.27209
12	7	hours	7.77787
12	8	and	2.14404
12	9	hours	10.5872
12	10	confessed	11.8477
12	11	to	0.428397
12	12	crimes	10.9209
12	13	they	5.81
12	14	never	7.37946
12	15	committed	8.33771
13	1	The	1.8025
13	2	business	7.98694
13	3	expanded	8.78886
13	4	into	5.15266
13	5	an	3.89637
13	6	empire	16.282
13	7	was	12.3677
13	8	sold	5.3533
13	9	for	2.62775
13	10	billions	9.14651
13	11	of	0.217752
13	12	dollars	2.16221
14	1	The	1.77291
14	2	business	7.96963
14	3	that	8.79238
14	4	was	6.64886
14	5	expanded	8.75594
14	6	into	4.95229
14	7	an	4.2396
14	8	empire	15.9216
14	9	was	13.1442
14	10	sold	5.56093
14	11	for	2.62183
14	12	billions	9.02161
14	13	of	0.388754
14	14	dollars	2.07236
15	1	The	1.97162
15	2	business	8.08528
15	3	grown	15.8565
15	4	into	5.37288
15	5	an	4.0455
15	6	empire	17.4473
15	7	was	13.8489
15	8	sold	5.55603
15	9	for	2.70214
15	10	billions	9.19147
15	11	of	0.170468
15	12	dollars	2.0384
16	1	The	1.73672
16	2	business	8.08808
16	3	that	4.63081
16	4	was	3.45934
16	5	grown	8.14461
16	6	into	4.31793
16	7	an	4.66446
16	8	empire	16.8387
16	9	was	2.28552
16	10	sold	4.63783
16	11	for	2.6672
16	12	billions	8.96194
16	13	of	0.231176
16	14	dollars	2.26611
17	1	The	1.75427
17	2	mice	13.1677
17	3	consumed	10.0997
17	4	rapidly	8.64072
17	5	and	3.94035
17	6	entirely	5.85081
17	7	were	5.74752
17	8	carrying	9.81864
17	9	a	1.96252
17	10	rare	7.12312
17	11	bacteria	10.5406
18	1	The	1.7108
18	2	mice	13.3308
18	3	that	5.76002
18	4	were	3.56349
18	5	consumed	8.51117
18	6	rapidly	8.15646
18	7	and	4.28474
18	8	entirely	7.9203
18	9	were	7.08193
18	10	carrying	9.98204
18	11	a	1.89882
18	12	rare	7.11704
18	13	bacteria	10.5358
19	1	The	1.92008
19	2	mice	13.2864
19	3	consumed	10.2409
19	4	rapidly	9.16952
19	5	and	3.3252
19	6	entirely	5.70387
19	7	were	5.5052
19	8	carrying	9.83476
19	9	a	1.92687
19	10	rare	7.18685
19	11	bacteria	10.6337
20	1	The	1.79132
20	2	mice	13.3793
20	3	that	10.5693
20	4	were	8.01712
20	5	consumed	8.85278
20	6	rapidly	8.11635
20	7	and	2.13167
20	8	entirely	10.3951
20	9	were	5.52337
20	10	carrying	8.68754
20	11	a	1.94153
20	12	rare	7.29491
20	13	bacteria	10.4613
21	1	The	1.84111
21	2	lawyer	10.4345
21	3	pledged	7.98368
21	4	to	1.46279
21	5	keep	4.43084
21	6	silent	12.3319
21	7	was	16.0275
21	8	discovered	12.3374
21	9	to	4.39974
21	10	have	5.47418
21	11	broken	7.41466
21	12	his	6.57023
21	13	promise	7.99931
22	1	The	1.81612
22	2	lawyer	10.3947
22	3	that	11.9546
22	4	was	4.36012
22	5	pledged	9.26959
22	6	to	1.16154
22	7	keep	4.67956
22	8	silent	11.1278
22	9	was	15.8062
22	10	discovered	12.3009
22	11	to	3.7665
22	12	have	6.64699
22	13	broken	6.99952
22	14	his	6.93804
22	15	promise	8.15641
23	1	The	1.85737
23	2	lawyer	10.383
23	3	committed	11.6671
23	4	to	3.14621
23	5	keep	14.2166
23	6	silent	13.0048
23	7	was	11.5801
23	8	discovered	7.94777
23	9	to	5.20064
23	10	have	4.55266
23	11	broken	7.59284
23	12	his	5.10592
23	13	promise	7.81469
24	1	The	1.77807
24	2	lawyer	10.4219
24	3	who	4.07523
24	4	was	4.04343
24	5	committed	7.10247
24	6	to	0.261454
24	7	keep	14.5141
24	8	silent	14.1083
24	9	was	5.06085
24	10	discovered	8.3001
24	11	to	3.07161
24	12	have	3.92375
24	13	broken	8.08537
24	14	his	4.83547
24	15	promise	7.62773
25	1	The	1.87251
25	2	child	10.7268
25	3	kicked	10.4066
25	4	in	2.71503
25	5	the	2.34985
25	6	chaos	10.1536
25	7	found	15.1249
25	8	her	7.30373
25	9	way	6.68301
25	10	back	6.46144
25	11	home	6.39949
26	1	The	1.73844
26	2	child	9.81645
26	3	who	14.7549
26	4	was	4.43834
26	5	kicked	9.57038
26	6	in	2.41896
26	7	the	3.3691
26	8	chaos	10.4264
26	9	found	8.33405
26	10	her	8.86356
26	11	way	8.00798
26	12	back	7.37479
26	13	home	6.2379
27	1	The	1.81284
27	2	child	9.76648
27	3	forgotten	12.2305
27	4	in	2.60882
27	5	the	1.84352
27	6	chaos	11.9531
27	7	found	9.26287
27	8	her	6.10103
27	9	way	7.5678
27	10	back	7.97534
27	11	home	6.81164
28	1	The	1.75006
28	2	child	9.5673
28	3	who	5.29696
28	4	was	3.51865
28	5	forgotten	8.5544
28	6	in	2.23262
28	7	the	1.91346
28	8	chaos	11.5014
28	9	found	8.19204
28	10	her	5.4819
28	11	way	6.90197
28	12	back	7.2796
28	13	home	8.33631
29	1	The	1.70954
29	2	horses	13.262
29	3	UNK-LC-ed	6.20858
29	4	past	8.2361
29	5	the	3.56823
29	6	barn	9.24961
29	7	fell	12.4012
29	8	into	3.83629
29	9	a	1.96075
29	10	swamp	14.0739
30	1	The	1.89108
30	2	horses	13.5139
30	3	that	10.0934
30	4	were	6.84968
30	5	UNK-LC-ed	4.01184
30	6	past	7.7055
30	7	the	3.68107
30	8	barn	9.28881
30	9	fell	13.2569
30	10	into	3.12976
30	11	a	2.06875
30	12	swamp	14.2816
31	1	The	1.79063
31	2	horses	13.3849
31	3	taken	10.439
31	4	past	8.74127
31	5	the	3.66496
31	6	barn	9.6144
31	7	fell	15.5543
31	8	into	4.53545
31	9	a	2.00839
31	10	swamp	14.2627
32	1	The	1.92269
32	2	horses	13.3252
32	3	that	10.3835
32	4	were	8.60591
32	5	taken	4.87918
32	6	past	8.50857
32	7	the	3.68706
32	8	barn	9.15751
32	9	fell	14.5154
32	10	into	5.31123
32	11	a	1.96597
32	12	swamp	14.2018
33	1	The	1.83782
33	2	artist	9.72361
33	3	painted	10.5071
33	4	a	1.58258
33	5	impressionist	15.8613
33	6	portrait	12.2245
33	7	was	11.687
33	8	impressed	8.86088
33	9	with	3.7169
33	10	the	1.79176
33	11	work	7.80531
34	1	The	1.8148
34	2	artist	9.69461
34	3	who	3.91928
34	4	was	4.17635
34	5	painted	7.76032
34	6	a	10.501
34	7	impressionist	15.1472
34	8	portrait	12.2861
34	9	was	4.21113
34	10	impressed	7.52166
34	11	with	2.23592
34	12	the	1.88825
34	13	work	7.52996
35	1	The	1.71753
35	2	artist	9.83856
35	3	drawn	11.0135
35	4	a	2.50422
35	5	impressionist	16.5755
35	6	portrait	11.7422
35	7	was	12.9866
35	8	impressed	9.44867
35	9	with	2.02768
35	10	the	1.72898
35	11	work	7.39884
36	1	The	1.87951
36	2	artist	9.72507
36	3	who	12.4843
36	4	was	4.70032
36	5	drawn	7.58127
36	6	a	4.9421
36	7	impressionist	16.1027
36	8	portrait	10.2432
36	9	was	10.3778
36	10	impressed	8.5775
36	11	with	3.80625
36	12	the	1.8778
36	13	work	7.64176
37	1	The	1.74007
37	2	car	8.87034
37	3	steered	11.4854
37	4	into	4.3029
37	5	the	1.53313
37	6	parking	7.46491
37	7	lot	3.80561
37	8	crashed	12.649
37	9	into	7.03995
37	10	a	1.7807
37	11	concrete	8.03369
37	12	wall	5.43673
38	1	The	1.68622
38	2	car	9.018
38	3	that	15.3269
38	4	was	4.36597
38	5	steered	9.96945
38	6	into	2.60028
38	7	the	1.68224
38	8	parking	7.70167
38	9	lot	3.83154
38	10	crashed	15.192
38	11	into	5.8587
38	12	a	1.91594
38	13	concrete	7.32087
38	14	wall	5.34965
39	1	The	1.88172
39	2	car	9.07723
39	3	driven	12.1553
39	4	into	6.61198
39	5	the	1.55405
39	6	parking	7.65336
39	7	lot	3.7413
39	8	crashed	12.8665
39	9	into	7.3117
39	10	a	1.7224
39	11	concrete	8.29999
39	12	wall	5.94859
40	1	The	1.7884
40	2	car	9.02323
40	3	that	12.4069
40	4	was	5.54171
40	5	driven	7.65206
40	6	into	3.71636
40	7	the	1.6174
40	8	parking	7.78168
40	9	lot	3.51013
40	10	crashed	13.8663
40	11	into	9.43893
40	12	a	1.96537
40	13	concrete	8.22581
40	14	wall	5.98982
41	1	The	1.77068
41	2	campaign	7.42111
41	3	intended	9.89457
41	4	to	0.0837926
41	5	be	2.90089
41	6	very	9.40946
41	7	popular	7.59228
41	8	was	4.8709
41	9	still	5.49356
41	10	unsuccessful	8.42841
42	1	The	1.79265
42	2	campaign	7.37838
42	3	that	3.58952
42	4	was	3.07298
42	5	intended	7.61627
42	6	to	0.172936
42	7	be	2.60936
42	8	very	9.35597
42	9	popular	7.72749
42	10	was	3.73117
42	11	still	5.53767
42	12	unsuccessful	9.0143
43	1	The	1.7663
43	2	campaign	7.52059
43	3	known	11.3577
43	4	to	2.79543
43	5	be	2.76589
43	6	very	7.60662
43	7	popular	7.18603
43	8	was	5.91036
43	9	still	5.86091
43	10	unsuccessful	8.84273
44	1	The	1.814
44	2	campaign	7.57294
44	3	that	4.69059
44	4	was	3.17437
44	5	known	6.91699
44	6	to	2.26954
44	7	be	2.20312
44	8	very	7.86283
44	9	popular	7.59305
44	10	was	3.94854
44	11	still	5.6694
44	12	unsuccessful	9.50888
45	1	The	1.7849
45	2	student	10.0216
45	3	composed	11.9011
45	4	a	5.73987
45	5	carefully	9.43574
45	6	worded	9.03945
45	7	excuse	10.8819
45	8	forgot	17.3486
45	9	to	3.33393
45	10	give	6.53869
45	11	it	2.58529
45	12	to	3.35567
45	13	the	1.31486
45	14	teacher	11.6268
46	1	The	1.81535
46	2	student	9.99795
46	3	who	5.60725
46	4	was	3.2145
46	5	composed	6.7683
46	6	a	12.0961
46	7	carefully	7.97852
46	8	worded	9.45564
46	9	excuse	10.7013
46	10	forgot	13.5127
46	11	to	2.00992
46	12	give	5.14929
46	13	it	2.58007
46	14	to	2.96721
46	15	the	1.42303
46	16	teacher	11.4588
47	1	The	1.62385
47	2	student	10.0038
47	3	written	10.0159
47	4	a	3.4098
47	5	carefully	10.3549
47	6	worded	9.40365
47	7	excuse	10.3226
47	8	forgot	15.8264
47	9	to	4.8023
47	10	give	6.80876
47	11	it	2.5068
47	12	to	3.21998
47	13	the	1.3426
47	14	teacher	11.529
48	1	The	1.61302
48	2	student	10.0354
48	3	who	12.13
48	4	was	3.63524
48	5	written	6.34452
48	6	a	5.24039
48	7	carefully	11.1076
48	8	worded	9.24483
48	9	excuse	9.95935
48	10	forgot	16.1001
48	11	to	2.02266
48	12	give	5.48147
48	13	it	2.53179
48	14	to	3.0349
48	15	the	2.00855
48	16	teacher	11.3752
49	1	The	1.77981
49	2	television	8.86756
49	3	show	5.05528
49	4	started	6.58666
49	5	three	6.52528
49	6	weeks	3.0294
49	7	ago	0.333093
49	8	was	13.3761
49	9	canceled	8.33848
49	10	immediately	13.074
50	1	The	1.71815
50	2	television	8.98299
50	3	show	4.94647
50	4	that	4.72923
50	5	was	3.28305
50	6	started	8.06649
50	7	three	8.0002
50	8	weeks	4.01809
50	9	ago	6.37493
50	10	was	3.46766
50	11	canceled	7.69992
50	12	immediately	12.6952
51	1	The	1.81458
51	2	television	8.9738
51	3	show	5.0019
51	4	begun	10.3135
51	5	three	6.22222
51	6	weeks	3.0268
51	7	ago	0.056055
51	8	was	2.60725
51	9	canceled	7.32238
51	10	immediately	12.7221
52	1	The	1.81347
52	2	television	9.11439
52	3	show	5.13677
52	4	that	4.73676
52	5	was	3.25017
52	6	begun	8.42838
52	7	three	6.7286
52	8	weeks	2.20418
52	9	ago	0.0680732
52	10	was	3.09411
52	11	canceled	7.28475
52	12	immediately	12.9989
53	1	The	1.78398
53	2	boys	9.88714
53	3	performed	10.1917
53	4	an	6.43928
53	5	unsolicited	7.70338
53	6	favor	13.8826
53	7	appreciated	17.0599
53	8	the	3.03357
53	9	person	7.73829
53	10	who	4.10755
53	11	helped	5.56315
53	12	them	4.71929
54	1	The	1.7368
54	2	boys	9.87961
54	3	who	4.63732
54	4	were	3.21488
54	5	performed	9.30475
54	6	an	7.42213
54	7	unsolicited	8.51763
54	8	favor	13.4427
54	9	appreciated	11.4127
54	10	the	2.79633
54	11	person	8.5746
54	12	who	4.6614
54	13	helped	5.85648
54	14	them	4.49757
55	1	The	1.71702
55	2	boys	9.84733
55	3	done	10.8217
55	4	an	3.93087
55	5	unsolicited	8.0208
55	6	favor	12.7095
55	7	appreciated	13.8042
55	8	the	5.5721
55	9	person	8.73252
55	10	who	4.0644
55	11	helped	5.75391
55	12	them	4.6528
56	1	The	1.93418
56	2	boys	9.91997
56	3	who	3.94523
56	4	were	3.23078
56	5	done	6.8255
56	6	an	6.76035
56	7	unsolicited	9.12375
56	8	favor	12.2585
56	9	appreciated	11.4822
56	10	the	3.05343
56	11	person	8.59421
56	12	who	3.25958
56	13	helped	5.94544
56	14	them	4.74656
57	1	The	1.72259
57	2	player	11.9348
57	3	tossed	10.7556
57	4	the	1.91766
57	5	baseball	7.38433
57	6	dropped	18.3386
57	7	it	8.11854
57	8	on	3.54091
57	9	the	1.41848
57	10	ground	6.18678
58	1	The	1.74929
58	2	player	12.1309
58	3	who	6.86895
58	4	was	3.46988
58	5	tossed	7.87838
58	6	the	9.42186
58	7	baseball	9.65631
58	8	dropped	9.63915
58	9	it	5.23741
58	10	on	4.46661
58	11	the	1.46546
58	12	ground	5.96474
59	1	The	1.74532
59	2	player	12.0492
59	3	thrown	10.7201
59	4	the	3.13209
59	5	baseball	7.36728
59	6	dropped	18.1591
59	7	it	7.11956
59	8	on	4.38721
59	9	the	1.29656
59	10	ground	6.18355
60	1	The	2.02207
60	2	player	12.0345
60	3	who	12.1855
60	4	was	4.45853
60	5	thrown	6.83644
60	6	the	5.17866
60	7	baseball	7.19494
60	8	dropped	17.4502
60	9	it	8.19374
60	10	on	4.60669
60	11	the	1.27121
60	12	ground	6.10904
61	1	The	1.64203
61	2	child	9.58584
61	3	jumped	11.1535
61	4	past	10.465
61	5	the	4.12149
61	6	swings	12.8473
61	7	was	9.0609
61	8	upset	8.67245
61	9	about	2.29032
61	10	it	5.10478
62	1	The	1.70084
62	2	child	9.83456
62	3	who	15.685
62	4	was	5.50313
62	5	jumped	12.5542
62	6	past	8.83659
62	7	the	3.8358
62	8	swings	12.7192
62	9	was	8.09763
62	10	upset	8.75197
62	11	about	2.10199
62	12	it	4.85413
63	1	The	1.8394
63	2	child	9.80523
63	3	led	7.92296
63	4	past	8.45148
63	5	the	5.9267
63	6	swings	13.4557
63	7	was	6.12418
63	8	upset	8.18189
63	9	about	1.8419
63	10	it	6.10637
64	1	The	1.75209
64	2	child	9.95551
64	3	who	14.2603
64	4	was	4.39561
64	5	led	7.90138
64	6	past	9.06128
64	7	the	4.24865
64	8	swings	12.4493
64	9	was	7.71956
64	10	upset	8.31438
64	11	about	2.03285
64	12	it	4.81305
65	1	The	1.67082
65	2	students	12.3236
65	3	prepared	11.2049
65	4	a	3.03641
65	5	fancy	8.12345
65	6	dinner	10.1098
65	7	ate	15.2423
65	8	the	3.28513
65	9	meal	11.5578
65	10	quickly	9.04002
66	1	The	1.84019
66	2	students	12.3289
66	3	who	1.8295
66	4	were	3.4974
66	5	prepared	7.15443
66	6	a	7.67447
66	7	fancy	8.26798
66	8	dinner	10.4158
66	9	ate	17.5487
66	10	the	6.01014
66	11	meal	11.6454
66	12	quickly	15.119
67	1	The	1.8388
67	2	students	12.4232
67	3	gotten	11.0313
67	4	a	3.07074
67	5	fancy	8.40116
67	6	dinner	10.2182
67	7	ate	11.8079
67	8	the	3.09805
67	9	meal	11.6981
67	10	quickly	7.39905
68	1	The	1.86677
68	2	students	12.3193
68	3	who	1.83275
68	4	were	3.44865
68	5	gotten	9.7303
68	6	a	4.0436
68	7	fancy	7.88188
68	8	dinner	10.1617
68	9	ate	13.1045
68	10	the	2.99206
68	11	meal	11.6955
68	12	quickly	8.42433
69	1	The	1.79704
69	2	infant	11.0314
69	3	fed	12.3958
69	4	during	10.4713
69	5	the	1.13008
69	6	night	7.11242
69	7	yelled	15.0195
69	8	intensely	12.0624
70	1	The	1.87203
70	2	infant	11.1469
70	3	that	5.90041
70	4	was	11.4928
70	5	fed	11.4821
70	6	during	12.281
70	7	the	1.34817
70	8	night	7.04825
70	9	yelled	12.2489
70	10	intensely	8.9914
71	1	The	1.7287
71	2	infant	11.0385
71	3	aroused	11.8977
71	4	during	8.50726
71	5	the	1.00092
71	6	night	7.20006
71	7	yelled	15.8808
71	8	intensely	11.9064
72	1	The	1.83737
72	2	infant	11.1259
72	3	that	13.0688
72	4	was	5.38189
72	5	aroused	8.66436
72	6	during	5.90575
72	7	the	0.996812
72	8	night	7.44774
72	9	yelled	15.5505
72	10	intensely	14.2037
73	1	The	1.7878
73	2	refugee	11.197
73	3	sheltered	16.2689
73	4	in	5.54472
73	5	the	1.65867
73	6	basement	9.82878
73	7	departed	10.5422
73	8	during	5.75188
73	9	the	1.05343
73	10	night	6.61594
74	1	The	1.72017
74	2	refugee	11.177
74	3	who	14.3145
74	4	was	3.34242
74	5	sheltered	12.4693
74	6	in	1.56017
74	7	the	2.01604
74	8	basement	10.4683
74	9	departed	15.8938
74	10	during	5.38385
74	11	the	0.797961
74	12	night	6.24462
75	1	The	1.73212
75	2	refugee	11.2543
75	3	hidden	11.3675
75	4	in	12.7868
75	5	the	6.10517
75	6	basement	9.54164
75	7	departed	12.8262
75	8	during	6.50331
75	9	the	0.936424
75	10	night	6.76458
76	1	The	1.72867
76	2	refugee	11.2143
76	3	who	14.2568
76	4	was	3.28078
76	5	hidden	8.86355
76	6	in	2.26659
76	7	the	1.62029
76	8	basement	10.2371
76	9	departed	16.544
76	10	during	6.14182
76	11	the	0.96953
76	12	night	6.77038
77	1	The	1.7574
77	2	dog	11.5946
77	3	walked	8.90078
77	4	on	1.88288
77	5	the	1.28868
77	6	beach	7.99178
77	7	UNK-LC-ed	10.4783
77	8	after	4.96266
77	9	a	2.09873
77	10	bird	11.6382
78	1	The	1.80996
78	2	dog	11.5696
78	3	that	10.2953
78	4	was	3.29417
78	5	walked	11.4186
78	6	on	2.43907
78	7	the	1.29279
78	8	beach	8.09714
78	9	UNK-LC-ed	11.1651
78	10	after	4.39025
78	11	a	2.0617
78	12	bird	11.7039
79	1	The	1.91437
79	2	dog	11.5574
79	3	seen	9.55919
79	4	on	4.4951
79	5	the	0.982315
79	6	beach	8.41524
79	7	UNK-LC-ed	5.88714
79	8	after	4.50904
79	9	a	2.28756
79	10	bird	11.7197
80	1	The	1.76992
80	2	dog	11.6196
80	3	that	13.8864
80	4	was	4.3382
80	5	seen	5.96048
80	6	on	4.35864
80	7	the	1.13143
80	8	beach	8.82754
80	9	UNK-LC-ed	8.73529
80	10	after	4.43891
80	11	a	2.12715
80	12	bird	11.499
81	1	The	1.72379
81	2	ship	8.95806
81	3	steered	9.80401
81	4	off	4.43697
81	5	course	8.88246
81	6	sank	16.2715
81	7	in	3.90618
81	8	the	1.57999
81	9	storm	8.11299
82	1	The	1.78617
82	2	ship	8.87099
82	3	that	13.0414
82	4	was	5.15625
82	5	steered	9.9877
82	6	off	4.32259
82	7	course	8.27606
82	8	sank	14.0213
82	9	in	4.30862
82	10	the	1.82335
82	11	storm	8.36199
83	1	The	1.88802
83	2	ship	8.88244
83	3	blown	12.0625
83	4	off	3.1729
83	5	course	10.3514
83	6	sank	14.2401
83	7	in	3.95988
83	8	the	2.02853
83	9	storm	8.35852
84	1	The	1.83703
84	2	ship	8.87444
84	3	that	12.8412
84	4	was	5.00359
84	5	blown	10.082
84	6	off	2.55781
84	7	course	9.60132
84	8	sank	15.8978
84	9	in	3.11365
84	10	the	1.79526
84	11	storm	8.53293
85	1	The	1.90135
85	2	fans	11.472
85	3	cheered	11.2785
85	4	at	7.70732
85	5	the	1.30022
85	6	concert	10.9154
85	7	took	13.4531
85	8	photos	10.0785
85	9	with	5.06521
85	10	their	5.41367
85	11	phones	8.19699
86	1	The	1.69165
86	2	fans	11.5554
86	3	that	5.13202
86	4	were	3.08421
86	5	cheered	8.81846
86	6	at	4.8164
86	7	the	1.44159
86	8	concert	10.2559
86	9	took	7.37602
86	10	photos	9.1202
86	11	with	5.05502
86	12	their	5.20109
86	13	phones	7.90066
87	1	The	1.72296
87	2	fans	11.4501
87	3	UNK-LC-ed	5.46394
87	4	at	4.31846
87	5	the	1.40518
87	6	concert	10.5344
87	7	took	12.6027
87	8	photos	9.54611
87	9	with	6.03369
87	10	their	5.42859
87	11	phones	7.91544
88	1	The	1.767
88	2	fans	11.422
88	3	that	5.08869
88	4	were	3.12558
88	5	UNK-LC-ed	4.04842
88	6	at	3.32438
88	7	the	1.30357
88	8	concert	10.2081
88	9	took	7.40715
88	10	photos	9.01732
88	11	with	5.22432
88	12	their	5.31532
88	13	phones	8.11
89	1	The	1.7181
89	2	boat	11.2671
89	3	steered	10.0778
89	4	to	3.06784
89	5	the	1.33156
89	6	sea	9.18857
89	7	disappeared	12.7019
89	8	in	1.69163
89	9	the	1.32046
89	10	storm	8.41704
90	1	The	1.80741
90	2	boat	11.4711
90	3	that	10.3748
90	4	was	4.94055
90	5	steered	10.6757
90	6	in	4.22499
90	7	the	2.36965
90	8	sea	8.06421
90	9	disappeared	14.3776
90	10	in	1.50408
90	11	the	1.2844
90	12	storm	8.96765
91	1	The	1.86479
91	2	boat	11.3662
91	3	sunk	16.9586
91	4	in	3.4446
91	5	the	2.27886
91	6	sea	9.01444
91	7	disappeared	13.8715
91	8	in	2.08678
91	9	the	1.32527
91	10	storm	8.4226
92	1	The	1.69719
92	2	boat	11.3137
92	3	that	12.5187
92	4	was	7.37354
92	5	sunk	12.802
92	6	in	3.23521
92	7	the	1.61135
92	8	sea	8.48704
92	9	disappeared	12.6196
92	10	in	1.68093
92	11	the	1.17923
92	12	storm	8.50998
93	1	The	1.76809
93	2	couple	9.24565
93	3	bought	10.643
93	4	the	2.35125
93	5	apartment	11.7826
93	6	moved	15.5868
93	7	to	1.77452
93	8	a	2.44403
93	9	different	7.84668
93	10	city	5.74122
94	1	The	1.7916
94	2	couple	9.24636
94	3	that	4.92216
94	4	was	3.89864
94	5	bought	7.04164
94	6	the	7.16356
94	7	apartment	11.3895
94	8	moved	9.33979
94	9	to	1.56125
94	10	a	2.26938
94	11	different	7.45679
94	12	city	6.55278
95	1	The	1.76981
95	2	couple	9.39796
95	3	shown	11.1996
95	4	the	3.09872
95	5	apartment	10.6126
95	6	moved	9.4422
95	7	to	1.87194
95	8	a	2.08583
95	9	different	7.09188
95	10	city	6.48425
96	1	The	1.76501
96	2	couple	9.27254
96	3	that	14.5434
96	4	was	7.85036
96	5	shown	7.60335
96	6	the	8.43858
96	7	apartment	10.6952
96	8	moved	11.8648
96	9	to	1.66424
96	10	a	2.23641
96	11	different	7.01405
96	12	city	6.37265
97	1	The	1.66023
97	2	girl	11.5463
97	3	made	5.94206
97	4	a	1.73851
97	5	new	4.0104
97	6	blanket	12.0329
97	7	lost	13.005
97	8	it	10.1282
97	9	during	7.06022
97	10	the	1.08431
97	11	trip	8.32542
98	1	The	1.90664
98	2	girl	11.429
98	3	who	3.03175
98	4	was	3.95992
98	5	made	6.85575
98	6	a	4.32072
98	7	new	3.69186
98	8	blanket	12.2015
98	9	lost	10.8899
98	10	it	4.38452
98	11	during	6.08223
98	12	the	1.26484
98	13	trip	8.38997
99	1	The	1.7577
99	2	girl	11.3719
99	3	given	10.2377
99	4	a	2.91845
99	5	new	3.93057
99	6	blanket	12.1099
99	7	lost	11.0054
99	8	it	4.65147
99	9	during	5.98439
99	10	the	1.20997
99	11	trip	8.23158
100	1	The	1.73981
100	2	girl	11.2543
100	3	who	2.69307
100	4	was	4.00134
100	5	given	6.33494
100	6	a	2.41753
100	7	new	3.53811
100	8	blanket	12.0718
100	9	lost	10.966
100	10	it	4.47629
100	11	during	6.11575
100	12	the	1.25176
100	13	trip	8.25599
101	1	The	1.85335
101	2	airplane	20.2064
101	3	landed	17.4513
101	4	in	5.62883
101	5	the	2.36814
101	6	mountains	14.0166
101	7	broke	7.5424
101	8	down	2.97577
101	9	during	6.44309
101	10	the	1.08985
101	11	ice	10.0363
101	12	storm	10.8088
102	1	The	1.76434
102	2	airplane	20.2877
102	3	that	16.3174
102	4	was	4.86734
102	5	landed	11.4004
102	6	in	2.34032
102	7	the	2.31923
102	8	mountains	12.404
102	9	broke	15.0786
102	10	down	5.35823
103	1	The	1.64925
103	2	airplane	21.5551
103	3	flown	16.7169
103	4	in	3.14892
103	5	the	2.11402
103	6	mountains	13.5254
103	7	broke	7.19551
103	8	down	2.71077
103	9	during	6.43471
103	10	the	1.04714
103	11	ice	10.1726
103	12	storm	11.0297
104	1	The	1.82757
104	2	airplane	21.5223
104	3	that	16.5667
104	4	was	2.9983
104	5	flown	10.4765
104	6	in	2.70186
104	7	the	1.89246
104	8	mountains	11.4267
104	9	broke	15.8422
104	10	down	4.37703
104	11	during	5.65248
104	12	the	0.74749
104	13	ice	10.3401
104	14	storm	10.8218
105	1	The	1.85456
105	2	child	10.1094
105	3	carried	9.68233
105	4	down	2.97071
105	5	the	3.4532
105	6	hall	9.08092
105	7	yelled	13.6244
105	8	at	4.68345
105	9	the	1.53313
105	10	top	4.7784
105	11	of	1.21795
105	12	his	2.7464
105	13	lungs	8.23915
106	1	The	1.75083
106	2	child	10.2903
106	3	that	5.28251
106	4	was	3.47902
106	5	carried	7.1738
106	6	down	2.63487
106	7	the	5.01378
106	8	hall	9.2479
106	9	yelled	10.8506
106	10	at	4.48795
106	11	the	1.31957
106	12	top	4.67849
106	13	of	1.21972
106	14	his	2.57745
106	15	lungs	8.21942
107	1	The	1.70826
107	2	child	9.98483
107	3	borne	15.2829
107	4	down	4.45266
107	5	the	1.70913
107	6	hall	9.00819
107	7	yelled	19.1638
107	8	at	4.65437
107	9	the	1.3274
107	10	top	5.3813
107	11	of	1.35938
107	12	his	2.71817
107	13	lungs	8.33831
108	1	The	1.70775
108	2	child	9.99177
108	3	that	5.36883
108	4	was	3.54963
108	5	borne	9.85753
108	6	down	2.68785
108	7	the	5.86624
108	8	hall	9.2306
108	9	yelled	10.7051
108	10	at	4.59672
108	11	the	1.44108
108	12	top	4.69263
108	13	of	1.1849
108	14	his	2.61487
108	15	lungs	8.23716
