sentence_id	token_id	token	surprisal
1	1	The	1.8947
1	2	woman	8.38985
1	3	brought	7.50325
1	4	the	1.75053
1	5	sandwich	11.0924
1	6	from	4.09935
1	7	the	1.5435
1	8	kitchen	8.4336
1	9	fell	14.7241
1	10	in	3.30654
1	11	the	2.30458
1	12	dining	16.3539
1	13	room	3.9732
2	1	The	2.05321
2	2	woman	8.32764
2	3	who	12.7563
2	4	was	3.56244
2	5	brought	6.16913
2	6	the	4.06767
2	7	sandwich	12.6964
2	8	from	3.34219
2	9	the	1.45671
2	10	kitchen	8.60268
2	11	fell	15.0324
2	12	in	3.32421
2	13	the	2.34631
2	14	dining	15.4893
2	15	room	4.00587
3	1	The	1.8105
3	2	woman	8.35794
3	3	given	10.6827
3	4	the	1.78239
3	5	sandwich	12.4087
3	6	from	3.56861
3	7	the	2.09275
3	8	kitchen	8.43465
3	9	fell	15.249
3	10	in	3.31143
3	11	the	2.51279
3	12	dining	15.685
3	13	room	4.25418
4	1	The	1.72886
4	2	woman	8.41631
4	3	who	3.92472
4	4	was	3.14964
4	5	given	6.19166
4	6	the	1.98105
4	7	sandwich	12.7602
4	8	from	4.24524
4	9	the	1.4226
4	10	kitchen	8.32114
4	11	fell	7.55156
4	12	in	3.1148
4	13	the	3.16396
4	14	dining	14.7655
4	15	room	4.38174
5	1	The	1.77703
5	2	convict	15.5074
5	3	walked	12.4195
5	4	into	1.69347
5	5	the	1.70011
5	6	dark	5.39263
5	7	cell	11.646
5	8	tried	13.5696
5	9	to	1.9467
5	10	escape	6.56983
5	11	but	10.4093
5	12	failed	9.99086
6	1	The	1.90901
6	2	convict	15.5014
6	3	who	11.9274
6	4	was	3.16886
6	5	walked	12.2186
6	6	into	1.93527
6	7	the	1.51043
6	8	dark	6.29884
6	9	cell	10.7843
6	10	tried	14.5971
6	11	to	2.07085
6	12	escape	7.12753
6	13	but	10.7469
6	14	failed	10.3041
7	1	The	1.66819
7	2	convict	15.4227
7	3	taken	16.8516
7	4	into	9.36567
7	5	the	1.64619
7	6	dark	7.80921
7	7	cell	10.639
7	8	tried	9.77267
7	9	to	0.433881
7	10	escape	6.61381
7	11	but	8.48575
7	12	failed	10.9304
8	1	The	1.82049
8	2	convict	15.4354
8	3	who	12.0051
8	4	was	3.1379
8	5	taken	6.55838
8	6	into	3.69438
8	7	the	1.71528
8	8	dark	6.84835
8	9	cell	10.4669
8	10	tried	14.766
8	11	to	2.09551
8	12	escape	6.69882
8	13	but	10.3925
8	14	failed	11.4683
9	1	The	1.56393
9	2	prisoners	14.3227
9	3	hit	8.21177
9	4	for	6.19463
9	5	hours	8.57834
9	6	and	3.42744
9	7	hours	9.88434
9	8	confessed	14.2283
9	9	to	0.158914
9	10	crimes	10.5819
9	11	they	14.7612
9	12	never	9.17866
9	13	committed	8.32314
10	1	The	1.90108
10	2	prisoners	14.4091
10	3	who	4.79219
10	4	were	4.00638
10	5	hit	7.74964
10	6	for	4.74768
10	7	hours	7.86148
10	8	and	2.72804
10	9	hours	10.2607
10	10	confessed	11.6353
10	11	to	0.684211
10	12	crimes	11.645
10	13	they	5.67683
10	14	never	7.9007
10	15	committed	8.30206
11	1	The	1.87444
11	2	prisoners	14.2894
11	3	beaten	12.2826
11	4	for	5.02709
11	5	hours	8.87786
11	6	and	3.83917
11	7	hours	8.69664
11	8	confessed	14.4211
11	9	to	0.11831
11	10	crimes	10.4341
11	11	they	12.9673
11	12	never	10.7376
11	13	committed	9.25
12	1	The	1.76906
12	2	prisoners	14.3534
12	3	who	5.48563
12	4	were	4.00626
12	5	beaten	9.03161
12	6	for	4.51437
12	7	hours	7.76098
12	8	and	4.48331
12	9	hours	8.43078
12	10	confessed	11.7305
12	11	to	0.674957
12	12	crimes	11.1259
12	13	they	9.77496
12	14	never	11.1976
12	15	committed	4.19773
13	1	The	1.68036
13	2	business	8.20976
13	3	expanded	8.55
13	4	into	5.4537
13	5	an	3.86329
13	6	empire	16.2944
13	7	was	12.9821
13	8	sold	3.73465
13	9	for	2.51952
13	10	billions	9.14938
13	11	of	0.0848011
13	12	dollars	2.26669
14	1	The	1.83374
14	2	business	7.9229
14	3	that	12.1724
14	4	was	5.09232
14	5	expanded	9.27804
14	6	into	4.79607
14	7	an	4.01918
14	8	empire	16.2876
14	9	was	13.7327
14	10	sold	6.97357
14	11	for	2.75208
14	12	billions	8.76885
14	13	of	0.342738
14	14	dollars	2.24829
15	1	The	1.59205
15	2	business	8.06709
15	3	grown	15.1943
15	4	into	5.62335
15	5	an	4.1184
15	6	empire	17.3325
15	7	was	4.26851
15	8	sold	3.54672
15	9	for	2.79987
15	10	billions	8.67999
15	11	of	0.320944
15	12	dollars	1.91905
16	1	The	1.7016
16	2	business	8.0569
16	3	that	9.71431
16	4	was	3.37572
16	5	grown	8.23863
16	6	into	4.79437
16	7	an	4.02456
16	8	empire	17.661
16	9	was	13.7215
16	10	sold	5.45556
16	11	for	2.88911
16	12	billions	8.89639
16	13	of	0.214803
16	14	dollars	2.346
17	1	The	1.72338
17	2	mice	13.1574
17	3	consumed	9.87794
17	4	rapidly	9.0968
17	5	and	4.30979
17	6	entirely	10.5841
17	7	were	5.6523
17	8	carrying	9.94104
17	9	a	2.13469
17	10	rare	7.22559
17	11	bacteria	10.5471
18	1	The	1.89861
18	2	mice	12.9005
18	3	that	5.29988
18	4	were	3.57436
18	5	consumed	8.14415
18	6	rapidly	7.92481
18	7	and	3.83303
18	8	entirely	6.06044
18	9	were	6.22675
18	10	carrying	9.78078
18	11	a	1.82023
18	12	rare	7.1156
18	13	bacteria	10.5471
19	1	The	1.84567
19	2	mice	13.274
19	3	consumed	9.6397
19	4	rapidly	9.64837
19	5	and	7.69649
19	6	entirely	8.55245
19	7	were	7.48516
19	8	carrying	9.08938
19	9	a	2.10682
19	10	rare	7.33194
19	11	bacteria	10.5732
20	1	The	1.78948
20	2	mice	13.207
20	3	that	4.89437
20	4	were	3.59076
20	5	consumed	8.32069
20	6	rapidly	8.69317
20	7	and	3.4106
20	8	entirely	6.26251
20	9	were	6.91335
20	10	carrying	9.66126
20	11	a	2.32414
20	12	rare	7.07107
20	13	bacteria	10.5164
21	1	The	1.72373
21	2	lawyer	10.3257
21	3	pledged	8.06525
21	4	to	2.03354
21	5	keep	4.44062
21	6	silent	11.5001
21	7	was	15.0273
21	8	discovered	9.22078
21	9	to	5.20399
21	10	have	13.2229
21	11	broken	9.23183
21	12	his	7.3687
21	13	promise	8.02769
22	1	The	1.85842
22	2	lawyer	10.4553
22	3	that	10.346
22	4	was	11.3907
22	5	pledged	12.8763
22	6	to	3.64895
22	7	keep	5.93054
22	8	silent	11.9317
22	9	was	16.5375
22	10	discovered	9.26395
22	11	to	4.6656
22	12	have	5.82232
22	13	broken	7.40504
22	14	his	6.41494
22	15	promise	7.88217
23	1	The	1.6874
23	2	lawyer	10.3584
23	3	committed	11.8804
23	4	to	4.00263
23	5	keep	13.9544
23	6	silent	13.9975
23	7	was	13.9031
23	8	discovered	14.4796
23	9	to	4.64545
23	10	have	7.00155
23	11	broken	7.8553
23	12	his	4.99265
23	13	promise	7.20418
24	1	The	1.70103
24	2	lawyer	10.3866
24	3	who	4.76842
24	4	was	4.09635
24	5	committed	7.21567
24	6	to	0.239179
24	7	keep	14.1659
24	8	silent	12.3715
24	9	was	4.11924
24	10	discovered	8.32305
24	11	to	2.83762
24	12	have	3.93143
24	13	broken	8.23414
24	14	his	4.58269
24	15	promise	7.22675
25	1	The	1.73087
25	2	child	10.6712
25	3	kicked	10.1029
25	4	in	2.55161
25	5	the	2.31256
25	6	chaos	11.1992
25	7	found	8.44214
25	8	her	6.82903
25	9	way	6.95624
25	10	back	7.32906
25	11	home	6.74599
26	1	The	1.78569
26	2	child	10.1389
26	3	who	14.2895
26	4	was	4.23926
26	5	kicked	9.37811
26	6	in	2.58166
26	7	the	3.05109
26	8	chaos	9.73795
26	9	found	9.32047
26	10	her	8.79494
26	11	way	7.41268
26	12	back	7.23442
26	13	home	9.6347
27	1	The	1.78444
27	2	child	10.9308
27	3	forgotten	11.9425
27	4	in	2.69664
27	5	the	2.08122
27	6	chaos	11.0398
27	7	found	9.66794
27	8	her	10.8361
27	9	way	9.04107
27	10	back	8.41131
27	11	home	7.34937
28	1	The	1.83028
28	2	child	9.7477
28	3	who	5.29699
28	4	was	3.54301
28	5	forgotten	8.33685
28	6	in	2.03755
28	7	the	1.95085
28	8	chaos	11.5325
28	9	found	8.94555
28	10	her	5.5801
28	11	way	7.15788
28	12	back	6.97575
28	13	home	6.2982
29	1	The	1.83457
29	2	horses	13.6409
29	3	UNK-LC-ed	6.55802
29	4	past	7.84978
29	5	the	4.01746
29	6	barn	9.20837
29	7	fell	13.698
29	8	into	2.91928
29	9	a	2.08147
29	10	swamp	14.3439
30	1	The	1.81067
30	2	horses	13.2683
30	3	that	10.3331
30	4	were	7.25031
30	5	UNK-LC-ed	4.17547
30	6	past	7.9551
30	7	the	3.36903
30	8	barn	9.65627
30	9	fell	14.9634
30	10	into	3.99828
30	11	a	2.20532
30	12	swamp	14.1605
31	1	The	1.70933
31	2	horses	13.486
31	3	taken	10.3237
31	4	past	7.5122
31	5	the	7.09492
31	6	barn	9.97203
31	7	fell	7.4301
31	8	into	3.32432
31	9	a	1.75732
31	10	swamp	13.7938
32	1	The	1.74558
32	2	horses	13.4407
32	3	that	5.47879
32	4	were	2.92296
32	5	taken	5.0249
32	6	past	8.07706
32	7	the	3.50992
32	8	barn	9.16657
32	9	fell	7.83562
32	10	into	3.53345
32	11	a	1.68971
32	12	swamp	13.8259
33	1	The	1.8418
33	2	artist	9.69152
33	3	painted	10.8007
33	4	a	1.71549
33	5	impressionist	15.8923
33	6	portrait	12.707
33	7	was	13.0651
33	8	impressed	9.98863
33	9	with	2.52571
33	10	the	1.77231
33	11	work	7.72822
34	1	The	1.76961
34	2	artist	9.98381
34	3	who	12.5882
34	4	was	5.60261
34	5	painted	8.16169
34	6	a	4.90647
34	7	impressionist	16.0099
34	8	portrait	11.1529
34	9	was	11.8177
34	10	impressed	10.1056
34	11	with	3.79501
34	12	the	1.81096
34	13	work	7.70816
35	1	The	1.74345
35	2	artist	9.60446
35	3	drawn	11.287
35	4	a	2.53543
35	5	impressionist	16.7461
35	6	portrait	11.7995
35	7	was	12.5743
35	8	impressed	10.2184
35	9	with	3.27396
35	10	the	1.70524
35	11	work	7.49937
36	1	The	1.80266
36	2	artist	9.17628
36	3	who	3.2261
36	4	was	4.22412
36	5	drawn	7.91577
36	6	a	6.16843
36	7	impressionist	16.6864
36	8	portrait	11.3876
36	9	was	4.33956
36	10	impressed	7.43304
36	11	with	2.02474
36	12	the	1.8395
36	13	work	7.42727
37	1	The	1.74187
37	2	car	9.14377
37	3	steered	11.2661
37	4	into	4.77007
37	5	the	1.79432
37	6	parking	7.80143
37	7	lot	3.79761
37	8	crashed	15.3971
37	9	into	7.48712
37	10	a	1.88175
37	11	concrete	7.38825
37	12	wall	5.1935
38	1	The	1.9015
38	2	car	8.76563
38	3	that	15.5728
38	4	was	4.09621
38	5	steered	11.1415
38	6	into	2.63808
38	7	the	1.90595
38	8	parking	7.58297
38	9	lot	3.87771
38	10	crashed	16.8816
38	11	into	6.50446
38	12	a	1.95807
38	13	concrete	7.45849
38	14	wall	5.53832
39	1	The	2.00219
39	2	car	9.19238
39	3	driven	11.4111
39	4	into	5.44208
39	5	the	1.36434
39	6	parking	8.04815
39	7	lot	3.4247
39	8	crashed	11.0478
39	9	into	4.5259
39	10	a	1.7637
39	11	concrete	8.07285
39	12	wall	5.74929
40	1	The	1.6985
40	2	car	9.01295
40	3	that	5.03779
40	4	was	2.91574
40	5	driven	7.78214
40	6	into	3.50797
40	7	the	1.51808
40	8	parking	8.08548
40	9	lot	3.28945
40	10	crashed	11.7984
40	11	into	4.85113
40	12	a	1.82014
40	13	concrete	8.19293
40	14	wall	5.73967
41	1	The	1.64552
41	2	campaign	7.35418
41	3	intended	9.35759
41	4	to	0.1056
41	5	be	3.01075
41	6	very	8.77106
41	7	popular	7.66461
41	8	was	13.3116
41	9	still	8.50938
41	10	unsuccessful	14.9041
42	1	The	1.82622
42	2	campaign	7.67134
42	3	that	13.1015
42	4	was	5.61076
42	5	intended	7.53792
42	6	to	0.104395
42	7	be	2.98551
42	8	very	8.65293
42	9	popular	7.99886
42	10	was	14.2624
42	11	still	8.67963
42	12	unsuccessful	8.26762
43	1	The	1.75102
43	2	campaign	7.50559
43	3	known	9.75047
43	4	to	3.42672
43	5	be	2.36449
43	6	very	7.89634
43	7	popular	7.22594
43	8	was	3.71927
43	9	still	6.17985
43	10	unsuccessful	9.98658
44	1	The	1.8216
44	2	campaign	7.56741
44	3	that	12.6078
44	4	was	6.15183
44	5	known	8.02869
44	6	to	1.8182
44	7	be	2.80598
44	8	very	7.49664
44	9	popular	7.58691
44	10	was	13.1872
44	11	still	7.85188
44	12	unsuccessful	10.2207
45	1	The	1.74067
45	2	student	10.023
45	3	composed	12.0648
45	4	a	5.24016
45	5	carefully	8.66591
45	6	worded	9.05543
45	7	excuse	10.6871
45	8	forgot	17.1813
45	9	to	3.72259
45	10	give	7.17623
45	11	it	2.46242
45	12	to	3.24352
45	13	the	1.3704
45	14	teacher	11.5418
46	1	The	1.6414
46	2	student	9.94955
46	3	who	13.2144
46	4	was	3.96231
46	5	composed	7.52977
46	6	a	5.70992
46	7	carefully	14.0469
46	8	worded	14.8877
46	9	excuse	12.6305
46	10	forgot	15.9676
46	11	to	4.27864
46	12	give	8.57019
46	13	it	3.1329
46	14	to	3.73735
46	15	the	1.44448
46	16	teacher	11.5347
47	1	The	1.77999
47	2	student	9.99264
47	3	written	10.3037
47	4	a	3.5838
47	5	carefully	9.69379
47	6	worded	7.99254
47	7	excuse	10.6792
47	8	forgot	16.0763
47	9	to	2.93665
47	10	give	5.59143
47	11	it	2.34295
47	12	to	3.90932
47	13	the	1.42143
47	14	teacher	11.3908
48	1	The	1.79331
48	2	student	10.1494
48	3	who	12.6214
48	4	was	3.90769
48	5	written	6.37952
48	6	a	6.47832
48	7	carefully	10.8304
48	8	worded	8.91623
48	9	excuse	11.0867
48	10	forgot	14.1874
48	11	to	4.49385
48	12	give	5.2255
48	13	it	2.61442
48	14	to	3.83731
48	15	the	1.35374
48	16	teacher	11.3646
49	1	The	1.93444
49	2	television	9.00528
49	3	show	5.14522
49	4	started	6.55703
49	5	three	6.58724
49	6	weeks	2.84423
49	7	ago	0.0460576
49	8	was	13.9987
49	9	canceled	10.703
49	10	immediately	12.9093
50	1	The	1.72313
50	2	television	8.86431
50	3	show	4.96671
50	4	that	4.73547
50	5	was	3.23178
50	6	started	8.29122
50	7	three	6.96206
50	8	weeks	2.32746
50	9	ago	0.583383
50	10	was	3.11105
50	11	canceled	7.71015
50	12	immediately	12.9141
51	1	The	1.76325
51	2	television	9.11622
51	3	show	4.95938
51	4	begun	10.9271
51	5	three	7.0163
51	6	weeks	2.62835
51	7	ago	0.0754556
51	8	was	2.67462
51	9	canceled	7.26399
51	10	immediately	12.513
52	1	The	1.71452
52	2	television	8.95161
52	3	show	4.99308
52	4	that	10.7667
52	5	was	3.69012
52	6	begun	9.17082
52	7	three	6.84294
52	8	weeks	2.01001
52	9	ago	0.0788502
52	10	was	15.3708
52	11	canceled	8.12413
52	12	immediately	12.8672
53	1	The	1.75082
53	2	boys	9.88392
53	3	performed	10.1589
53	4	an	6.56268
53	5	unsolicited	7.38876
53	6	favor	13.8102
53	7	appreciated	12.7648
53	8	the	7.82377
53	9	person	9.9781
53	10	who	3.8902
53	11	helped	5.60089
53	12	them	5.15324
54	1	The	1.87598
54	2	boys	9.79868
54	3	who	1.86666
54	4	were	3.23072
54	5	performed	9.31888
54	6	an	8.28687
54	7	unsolicited	8.30867
54	8	favor	13.32
54	9	appreciated	11.3847
54	10	the	3.0062
54	11	person	8.49607
54	12	who	9.92819
54	13	helped	13.9966
54	14	them	6.09201
55	1	The	1.76338
55	2	boys	9.96466
55	3	done	11.0025
55	4	an	3.70382
55	5	unsolicited	8.07923
55	6	favor	12.8486
55	7	appreciated	17.208
55	8	the	2.65173
55	9	person	6.88626
55	10	who	13.7933
55	11	helped	9.08549
55	12	them	5.4897
56	1	The	1.82006
56	2	boys	9.97763
56	3	who	10.9439
56	4	were	5.35124
56	5	done	6.7177
56	6	an	7.32208
56	7	unsolicited	9.23604
56	8	favor	12.5821
56	9	appreciated	13.8911
56	10	the	6.86583
56	11	person	8.54816
56	12	who	4.17679
56	13	helped	5.5447
56	14	them	5.02472
57	1	The	1.74218
57	2	player	12.0895
57	3	tossed	10.377
57	4	the	1.75019
57	5	baseball	7.25987
57	6	dropped	19.0835
57	7	it	10.0316
57	8	on	3.40191
57	9	the	1.25828
57	10	ground	6.23063
58	1	The	1.75924
58	2	player	11.977
58	3	who	5.77402
58	4	was	3.48263
58	5	tossed	7.75447
58	6	the	6.23846
58	7	baseball	7.70567
58	8	dropped	15.9155
58	9	it	7.39953
58	10	on	3.955
58	11	the	1.22215
58	12	ground	6.06972
59	1	The	1.7336
59	2	player	12.0577
59	3	thrown	11.0904
59	4	the	2.66275
59	5	baseball	7.45674
59	6	dropped	18.9119
59	7	it	11.0172
59	8	on	3.19719
59	9	the	1.24605
59	10	ground	6.21702
60	1	The	1.86037
60	2	player	11.8525
60	3	who	13.4123
60	4	was	3.87949
60	5	thrown	6.81209
60	6	the	5.74188
60	7	baseball	7.38338
60	8	dropped	15.7661
60	9	it	9.43258
60	10	on	3.58869
60	11	the	1.30168
60	12	ground	6.07153
61	1	The	1.76725
61	2	child	9.52946
61	3	jumped	16.8932
61	4	past	8.59232
61	5	the	5.12259
61	6	swings	13.7591
61	7	was	3.94852
61	8	upset	7.80136
61	9	about	1.79254
61	10	it	6.47232
62	1	The	1.81371
62	2	child	10.0794
62	3	who	5.42452
62	4	was	3.55203
62	5	jumped	11.0084
62	6	past	9.12956
62	7	the	3.81133
62	8	swings	13.0905
62	9	was	4.21637
62	10	upset	7.88903
62	11	about	1.81328
62	12	it	5.53141
63	1	The	1.81858
63	2	child	9.89022
63	3	led	8.44581
63	4	past	9.59374
63	5	the	3.74766
63	6	swings	12.7811
63	7	was	14.2237
63	8	upset	8.72555
63	9	about	1.7061
63	10	it	6.13703
64	1	The	1.68516
64	2	child	10.0616
64	3	who	5.29651
64	4	was	3.52429
64	5	led	7.54674
64	6	past	9.7676
64	7	the	4.59187
64	8	swings	13.1944
64	9	was	4.36074
64	10	upset	7.81292
64	11	about	1.87701
64	12	it	6.35186
65	1	The	1.71214
65	2	students	12.2491
65	3	prepared	11.0774
65	4	a	3.66425
65	5	fancy	8.02843
65	6	dinner	10.2114
65	7	ate	15.565
65	8	the	3.50561
65	9	meal	11.6655
65	10	quickly	12.6406
66	1	The	1.77305
66	2	students	12.0983
66	3	who	1.52703
66	4	were	3.45967
66	5	prepared	7.14148
66	6	a	5.59731
66	7	fancy	11.0112
66	8	dinner	12.9044
66	9	ate	13.3984
66	10	the	9.6259
66	11	meal	12.172
66	12	quickly	8.33616
67	1	The	1.88375
67	2	students	12.2888
67	3	gotten	10.3958
67	4	a	3.18403
67	5	fancy	8.36136
67	6	dinner	10.2246
67	7	ate	11.0396
67	8	the	2.71604
67	9	meal	11.6881
67	10	quickly	10.3624
68	1	The	1.90695
68	2	students	12.2509
68	3	who	2.71726
68	4	were	3.52716
68	5	gotten	9.61717
68	6	a	4.51618
68	7	fancy	8.12873
68	8	dinner	10.0463
68	9	ate	11.8981
68	10	the	2.51199
68	11	meal	11.6828
68	12	quickly	6.80932
69	1	The	1.81002
69	2	infant	11.0449
69	3	fed	12.7632
69	4	during	8.15537
69	5	the	0.732572
69	6	night	6.25209
69	7	yelled	11.8348
69	8	intensely	9.25807
70	1	The	1.85482
70	2	infant	11.056
70	3	that	15.7112
70	4	was	3.59652
70	5	fed	9.66592
70	6	during	8.57093
70	7	the	1.15842
70	8	night	7.4139
70	9	yelled	16.6344
70	10	intensely	12.5421
71	1	The	1.69906
71	2	infant	11.0197
71	3	aroused	11.7159
71	4	during	9.09666
71	5	the	1.19
71	6	night	7.11355
71	7	yelled	15.6187
71	8	intensely	11.8703
72	1	The	1.81207
72	2	infant	11.1878
72	3	that	15.9958
72	4	was	7.89767
72	5	aroused	8.68662
72	6	during	5.90394
72	7	the	0.914954
72	8	night	7.21388
72	9	yelled	15.9631
72	10	intensely	11.2907
73	1	The	1.72625
73	2	refugee	10.9981
73	3	sheltered	16.4147
73	4	in	5.68061
73	5	the	1.60712
73	6	basement	9.83965
73	7	departed	10.3996
73	8	during	5.6933
73	9	the	1.04672
73	10	night	7.03538
74	1	The	1.84882
74	2	refugee	11.251
74	3	who	14.2824
74	4	was	3.19487
74	5	sheltered	12.5497
74	6	in	1.64518
74	7	the	2.05515
74	8	basement	10.5226
74	9	departed	16.1329
74	10	during	5.49509
74	11	the	0.774344
74	12	night	6.20053
75	1	The	1.71593
75	2	refugee	11.1202
75	3	hidden	11.1632
75	4	in	7.03606
75	5	the	1.16927
75	6	basement	9.28517
75	7	departed	10.6448
75	8	during	6.49284
75	9	the	0.996614
75	10	night	6.832
76	1	The	1.80682
76	2	refugee	11.1156
76	3	who	14.3254
76	4	was	3.39957
76	5	hidden	8.83363
76	6	in	2.17559
76	7	the	1.58306
76	8	basement	10.1089
76	9	departed	16.5865
76	10	during	6.3213
76	11	the	1.00323
76	12	night	6.84936
77	1	The	1.81274
77	2	dog	11.7328
77	3	walked	8.62239
77	4	on	1.71869
77	5	the	1.43379
77	6	beach	7.91073
77	7	UNK-LC-ed	11.4323
77	8	after	4.21366
77	9	a	2.21652
77	10	bird	11.7355
78	1	The	1.97672
78	2	dog	11.6172
78	3	that	10.367
78	4	was	3.51157
78	5	walked	11.3817
78	6	on	2.42147
78	7	the	1.36829
78	8	beach	7.83722
78	9	UNK-LC-ed	7.73562
78	10	after	4.56315
78	11	a	2.28632
78	12	bird	11.5788
79	1	The	1.87069
79	2	dog	11.5509
79	3	seen	10.9651
79	4	on	6.96109
79	5	the	1.24338
79	6	beach	8.94906
79	7	UNK-LC-ed	7.78849
79	8	after	4.90961
79	9	a	2.14155
79	10	bird	11.4911
80	1	The	1.72436
80	2	dog	11.58
80	3	that	10.0244
80	4	was	2.44555
80	5	seen	6.0543
80	6	on	4.1906
80	7	the	1.12734
80	8	beach	9.17931
80	9	UNK-LC-ed	7.08832
80	10	after	4.73009
80	11	a	2.07412
80	12	bird	11.491
81	1	The	1.77798
81	2	ship	8.89174
81	3	steered	11.0651
81	4	off	4.59465
81	5	course	9.0269
81	6	sank	16.2873
81	7	in	4.92966
81	8	the	1.59251
81	9	storm	8.17242
82	1	The	1.77181
82	2	ship	8.80545
82	3	that	14.6689
82	4	was	4.31872
82	5	steered	10.5305
82	6	off	4.3181
82	7	course	13.357
82	8	sank	16.9662
82	9	in	4.23326
82	10	the	1.45343
82	11	storm	7.95707
83	1	The	1.9459
83	2	ship	8.97324
83	3	blown	11.7937
83	4	off	3.10022
83	5	course	10.2311
83	6	sank	16.7189
83	7	in	3.07674
83	8	the	1.52909
83	9	storm	8.54936
84	1	The	1.60842
84	2	ship	8.92399
84	3	that	4.6425
84	4	was	3.18853
84	5	blown	10.1358
84	6	off	2.89408
84	7	course	14.5414
84	8	sank	11.3495
84	9	in	4.07
84	10	the	1.87425
84	11	storm	8.5049
85	1	The	1.84302
85	2	fans	11.4677
85	3	cheered	11.2797
85	4	at	7.18176
85	5	the	1.26153
85	6	concert	10.2105
85	7	took	7.11204
85	8	photos	9.28087
85	9	with	4.86368
85	10	their	5.20186
85	11	phones	7.87338
86	1	The	1.77983
86	2	fans	11.7044
86	3	that	5.14626
86	4	were	3.0567
86	5	cheered	8.88179
86	6	at	4.82285
86	7	the	1.41521
86	8	concert	10.4669
86	9	took	7.76981
86	10	photos	9.76168
86	11	with	4.40045
86	12	their	5.18887
86	13	phones	7.90048
87	1	The	1.80193
87	2	fans	11.5602
87	3	UNK-LC-ed	5.21619
87	4	at	3.99035
87	5	the	1.32805
87	6	concert	10.4386
87	7	took	14.443
87	8	photos	11.3393
87	9	with	5.41866
87	10	their	5.49489
87	11	phones	8.17615
88	1	The	1.81454
88	2	fans	11.4465
88	3	that	10.5301
88	4	were	6.58991
88	5	UNK-LC-ed	3.96757
88	6	at	3.62963
88	7	the	1.38698
88	8	concert	10.5376
88	9	took	13.5466
88	10	photos	10.6672
88	11	with	4.75174
88	12	their	5.31899
88	13	phones	7.87714
89	1	The	1.8377
89	2	boat	11.2256
89	3	steered	10.1965
89	4	to	2.59953
89	5	the	1.3384
89	6	sea	9.07939
89	7	disappeared	13.5342
89	8	in	1.67098
89	9	the	1.3438
89	10	storm	8.42751
90	1	The	1.88145
90	2	boat	11.2471
90	3	that	4.86183
90	4	was	3.49612
90	5	steered	10.5754
90	6	in	3.71552
90	7	the	2.9122
90	8	sea	7.89907
90	9	disappeared	12.1735
90	10	in	1.90589
90	11	the	1.34272
90	12	storm	8.85133
91	1	The	1.78173
91	2	boat	11.4533
91	3	sunk	16.6125
91	4	in	3.28239
91	5	the	2.12011
91	6	sea	8.99214
91	7	disappeared	14.6238
91	8	in	1.86055
91	9	the	1.3489
91	10	storm	8.45222
92	1	The	1.64539
92	2	boat	11.3552
92	3	that	4.86294
92	4	was	3.55887
92	5	sunk	11.9619
92	6	in	3.23453
92	7	the	1.59559
92	8	sea	9.47172
92	9	disappeared	10.3719
92	10	in	2.35488
92	11	the	1.49602
92	12	storm	8.18444
93	1	The	1.74832
93	2	couple	9.21806
93	3	bought	10.2316
93	4	the	2.45328
93	5	apartment	11.7907
93	6	moved	14.2233
93	7	to	1.15981
93	8	a	2.21664
93	9	different	8.22378
93	10	city	5.81521
94	1	The	1.78398
94	2	couple	9.77552
94	3	that	12.901
94	4	was	5.96797
94	5	bought	8.33996
94	6	the	5.95802
94	7	apartment	10.9243
94	8	moved	14.6469
94	9	to	1.72695
94	10	a	2.57499
94	11	different	8.5946
94	12	city	5.60893
95	1	The	1.88777
95	2	couple	9.39839
95	3	shown	10.9909
95	4	the	3.11987
95	5	apartment	10.8485
95	6	moved	9.01508
95	7	to	1.43806
95	8	a	2.09307
95	9	different	6.68133
95	10	city	6.56966
96	1	The	1.96287
96	2	couple	9.0877
96	3	that	8.42675
96	4	was	3.0102
96	5	shown	7.50486
96	6	the	5.04862
96	7	apartment	10.216
96	8	moved	8.72491
96	9	to	1.73029
96	10	a	2.63913
96	11	different	6.91784
96	12	city	6.07225
97	1	The	1.78758
97	2	girl	11.3089
97	3	made	6.21786
97	4	a	1.89566
97	5	new	4.06877
97	6	blanket	12.2579
97	7	lost	13.7698
97	8	it	8.27632
97	9	during	6.10575
97	10	the	1.1857
97	11	trip	8.14781
98	1	The	1.78827
98	2	girl	11.2342
98	3	who	2.84933
98	4	was	3.96426
98	5	made	6.62115
98	6	a	6.92356
98	7	new	3.43041
98	8	blanket	12.1635
98	9	lost	10.9455
98	10	it	4.29559
98	11	during	6.27598
98	12	the	1.28773
98	13	trip	8.37311
99	1	The	1.79372
99	2	girl	11.3104
99	3	given	10.385
99	4	a	2.92473
99	5	new	3.98655
99	6	blanket	12.0172
99	7	lost	12.2808
99	8	it	4.78799
99	9	during	5.86128
99	10	the	1.50326
99	11	trip	8.37863
100	1	The	1.66974
100	2	girl	11.1503
100	3	who	3.66207
100	4	was	4.50583
100	5	given	6.44167
100	6	a	2.24443
100	7	new	3.6217
100	8	blanket	12.1048
100	9	lost	11.113
100	10	it	4.46502
100	11	during	5.89576
100	12	the	1.17637
100	13	trip	8.47296
101	1	The	1.77772
101	2	airplane	21.4216
101	3	landed	12.8759
101	4	in	2.28302
101	5	the	2.66377
101	6	mountains	13.0826
101	7	broke	13.145
101	8	down	6.20662
101	9	during	5.94653
101	10	the	1.0675
101	11	ice	10.1474
101	12	storm	11.3698
102	1	The	1.9535
102	2	airplane	21.8274
102	3	that	17.7355
102	4	was	2.30341
102	5	landed	12.5451
102	6	in	2.56374
102	7	the	2.44562
102	8	mountains	12.5966
102	9	broke	16.9087
102	10	down	7.67513
103	1	The	2.00163
103	2	airplane	19.3
103	3	flown	14.2628
103	4	in	6.43638
103	5	the	1.77805
103	6	mountains	12.4942
103	7	broke	8.30173
103	8	down	3.00031
103	9	during	6.49583
103	10	the	1.0338
103	11	ice	10.3224
103	12	storm	10.7006
104	1	The	1.67606
104	2	airplane	20.5584
104	3	that	16.8636
104	4	was	2.91866
104	5	flown	10.4919
104	6	in	2.34158
104	7	the	1.92487
104	8	mountains	11.4731
104	9	broke	15.9778
104	10	down	4.39767
104	11	during	5.9162
104	12	the	0.752739
104	13	ice	10.3538
104	14	storm	10.7086
105	1	The	1.74082
105	2	child	10.0752
105	3	carried	10.5816
105	4	down	2.64202
105	5	the	5.34389
105	6	hall	8.51143
105	7	yelled	19.7482
105	8	at	4.43902
105	9	the	1.22922
105	10	top	5.89173
105	11	of	1.74321
105	12	his	3.14114
105	13	lungs	8.42265
106	1	The	1.71268
106	2	child	10.1418
106	3	that	5.38057
106	4	was	3.52
106	5	carried	7.17918
106	6	down	2.57927
106	7	the	7.18144
106	8	hall	9.59424
106	9	yelled	11.0008
106	10	at	4.24066
106	11	the	1.28972
106	12	top	4.70707
106	13	of	1.91071
106	14	his	2.73406
106	15	lungs	8.31345
107	1	The	1.86975
107	2	child	9.75853
107	3	borne	18.0668
107	4	down	8.14927
107	5	the	2.95767
107	6	hall	9.16577
107	7	yelled	10.6682
107	8	at	4.38831
107	9	the	1.77663
107	10	top	4.90563
107	11	of	1.57302
107	12	his	2.7245
107	13	lungs	8.29177
108	1	The	1.83656
108	2	child	10.1852
108	3	that	13.0825
108	4	was	5.74726
108	5	borne	9.71269
108	6	down	2.57481
108	7	the	4.95885
108	8	hall	9.17469
108	9	yelled	16.36
108	10	at	3.66507
108	11	the	1.31975
108	12	top	5.58044
108	13	of	2.66987
108	14	his	2.80026
108	15	lungs	8.35835
