sentence_id	token_id	token	surprisal
1	1	The	1.57285
1	2	woman	8.31024
1	3	brought	7.2161
1	4	the	1.7302
1	5	sandwich	11.8871
1	6	from	2.97527
1	7	the	1.64739
1	8	kitchen	8.54227
1	9	fell	14.6752
1	10	in	2.50468
1	11	the	1.94785
1	12	dining	14.8749
1	13	room	3.87778
2	1	The	1.78337
2	2	woman	8.36593
2	3	who	13.1654
2	4	was	3.39725
2	5	brought	6.26591
2	6	the	3.8356
2	7	sandwich	12.598
2	8	from	3.68894
2	9	the	1.41684
2	10	kitchen	8.50457
2	11	fell	14.8806
2	12	in	3.36692
2	13	the	2.24379
2	14	dining	15.8783
2	15	room	3.8985
3	1	The	1.63749
3	2	woman	8.81001
3	3	given	11.1318
3	4	the	1.56891
3	5	sandwich	11.7857
3	6	from	3.88858
3	7	the	2.43941
3	8	kitchen	8.66801
3	9	fell	14.8267
3	10	in	3.5169
3	11	the	2.29187
3	12	dining	15.154
3	13	room	4.36652
4	1	The	1.74047
4	2	woman	8.32661
4	3	who	11.4433
4	4	was	4.16031
4	5	given	5.40999
4	6	the	1.85994
4	7	sandwich	11.618
4	8	from	5.77811
4	9	the	1.32122
4	10	kitchen	8.49304
4	11	fell	15.0712
4	12	in	4.70026
4	13	the	2.24832
4	14	dining	16.459
4	15	room	4.05274
5	1	The	1.89428
5	2	convict	15.3351
5	3	walked	20.4895
5	4	into	6.54621
5	5	the	1.39996
5	6	dark	7.79314
5	7	cell	11.306
5	8	tried	10.1534
5	9	to	0.320017
5	10	escape	6.53828
5	11	but	8.8597
5	12	failed	11.7716
6	1	The	1.8371
6	2	convict	15.6649
6	3	who	12.3127
6	4	was	3.15175
6	5	walked	12.3277
6	6	into	2.00689
6	7	the	1.52637
6	8	dark	6.02746
6	9	cell	10.808
6	10	tried	14.9413
6	11	to	1.68265
6	12	escape	6.58136
6	13	but	11.0213
6	14	failed	10.4201
7	1	The	1.67349
7	2	convict	15.5254
7	3	taken	16.8933
7	4	into	8.11988
7	5	the	1.63031
7	6	dark	7.59719
7	7	cell	10.7196
7	8	tried	10.5679
7	9	to	0.264417
7	10	escape	6.77575
7	11	but	11.2858
7	12	failed	8.60825
8	1	The	1.74187
8	2	convict	15.2985
8	3	who	12.8041
8	4	was	3.1309
8	5	taken	6.65649
8	6	into	3.87611
8	7	the	1.79673
8	8	dark	6.65828
8	9	cell	10.624
8	10	tried	13.7218
8	11	to	0.927673
8	12	escape	6.59042
8	13	but	12.3129
8	14	failed	10.1727
9	1	The	1.68044
9	2	prisoners	14.3583
9	3	hit	8.75929
9	4	for	6.09279
9	5	hours	8.7002
9	6	and	4.63939
9	7	hours	9.11876
9	8	confessed	14.8921
9	9	to	0.626883
9	10	crimes	10.5699
9	11	they	5.6278
9	12	never	8.07345
9	13	committed	7.43838
10	1	The	1.77066
10	2	prisoners	14.3353
10	3	who	13.9768
10	4	were	4.78051
10	5	hit	7.83963
10	6	for	5.02089
10	7	hours	8.1962
10	8	and	3.23503
10	9	hours	8.01793
10	10	confessed	13.7247
10	11	to	0.556218
10	12	crimes	10.2032
10	13	they	4.96963
10	14	never	7.6293
10	15	committed	8.33899
11	1	The	1.73853
11	2	prisoners	14.3828
11	3	beaten	12.3036
11	4	for	4.43447
11	5	hours	8.67212
11	6	and	3.37666
11	7	hours	8.83263
11	8	confessed	13.9926
11	9	to	0.0693154
11	10	crimes	10.3366
11	11	they	13.6335
11	12	never	11.6857
11	13	committed	13.6011
12	1	The	1.81967
12	2	prisoners	14.3237
12	3	who	4.79247
12	4	were	3.99501
12	5	beaten	8.85245
12	6	for	4.23959
12	7	hours	7.76782
12	8	and	3.80512
12	9	hours	8.49247
12	10	confessed	11.1934
12	11	to	0.358275
12	12	crimes	10.6076
12	13	they	14.7604
12	14	never	5.99211
12	15	committed	8.45022
13	1	The	1.67445
13	2	business	7.9
13	3	expanded	8.69391
13	4	into	5.235
13	5	an	3.80472
13	6	empire	14.9123
13	7	was	12.5144
13	8	sold	7.82836
13	9	for	2.52231
13	10	billions	8.68331
13	11	of	0.0660133
13	12	dollars	2.23623
14	1	The	1.83096
14	2	business	8.08615
14	3	that	12.5811
14	4	was	4.20166
14	5	expanded	9.44006
14	6	into	4.74029
14	7	an	3.99331
14	8	empire	16.1771
14	9	was	14.6787
14	10	sold	3.82081
14	11	for	2.78195
14	12	billions	8.91295
14	13	of	0.0458273
14	14	dollars	2.23415
15	1	The	1.74502
15	2	business	8.08124
15	3	grown	15.6819
15	4	into	5.18344
15	5	an	4.15781
15	6	empire	16.1738
15	7	was	13.3481
15	8	sold	13.1149
15	9	for	5.21532
15	10	billions	10.8154
15	11	of	0.0403728
15	12	dollars	2.37464
16	1	The	1.94227
16	2	business	8.44942
16	3	that	3.94185
16	4	was	3.33967
16	5	grown	8.04102
16	6	into	4.34533
16	7	an	4.60557
16	8	empire	16.8541
16	9	was	2.11398
16	10	sold	4.37061
16	11	for	2.66745
16	12	billions	8.88094
16	13	of	0.739664
16	14	dollars	2.22884
17	1	The	1.7002
17	2	mice	13.4015
17	3	consumed	10.8076
17	4	rapidly	9.1529
17	5	and	7.52902
17	6	entirely	8.84986
17	7	were	10.4354
17	8	carrying	9.94272
17	9	a	2.10512
17	10	rare	7.38847
17	11	bacteria	10.385
18	1	The	1.91916
18	2	mice	13.1113
18	3	that	5.44183
18	4	were	3.61326
18	5	consumed	8.18789
18	6	rapidly	7.7198
18	7	and	4.37458
18	8	entirely	9.93506
18	9	were	5.39578
18	10	carrying	9.28662
18	11	a	1.99889
18	12	rare	7.31817
18	13	bacteria	10.5182
19	1	The	1.90083
19	2	mice	13.3707
19	3	consumed	8.97592
19	4	rapidly	8.64634
19	5	and	5.00681
19	6	entirely	10.5841
19	7	were	5.5009
19	8	carrying	9.78845
19	9	a	1.8677
19	10	rare	7.02426
19	11	bacteria	10.5083
20	1	The	1.78302
20	2	mice	13.7181
20	3	that	12.2992
20	4	were	7.84487
20	5	consumed	9.6974
20	6	rapidly	8.40014
20	7	and	4.97734
20	8	entirely	9.99322
20	9	were	13.2509
20	10	carrying	9.56585
20	11	a	2.03375
20	12	rare	7.39285
20	13	bacteria	10.5223
21	1	The	1.78797
21	2	lawyer	10.3765
21	3	pledged	8.48259
21	4	to	1.51213
21	5	keep	4.42787
21	6	silent	12.4385
21	7	was	16.6346
21	8	discovered	9.865
21	9	to	4.46676
21	10	have	7.0064
21	11	broken	7.28954
21	12	his	6.53899
21	13	promise	7.39012
22	1	The	1.82428
22	2	lawyer	10.3224
22	3	that	12.6191
22	4	was	7.27567
22	5	pledged	8.76023
22	6	to	1.45969
22	7	keep	4.3531
22	8	silent	11.824
22	9	was	15.4345
22	10	discovered	9.99902
22	11	to	5.34063
22	12	have	5.58451
22	13	broken	7.58713
22	14	his	6.20183
22	15	promise	8.19223
23	1	The	1.70808
23	2	lawyer	10.3476
23	3	committed	11.4945
23	4	to	4.68509
23	5	keep	14.0055
23	6	silent	14.1868
23	7	was	14.9992
23	8	discovered	13.4557
23	9	to	3.18224
23	10	have	4.8713
23	11	broken	7.44447
23	12	his	5.10688
23	13	promise	8.25492
24	1	The	1.74871
24	2	lawyer	10.3768
24	3	who	12.0428
24	4	was	4.03768
24	5	committed	7.43043
24	6	to	0.28978
24	7	keep	14.0458
24	8	silent	12.8099
24	9	was	12.9787
24	10	discovered	11.4415
24	11	to	4.40077
24	12	have	4.4404
24	13	broken	8.1809
24	14	his	5.3451
24	15	promise	7.87804
25	1	The	1.6824
25	2	child	9.63607
25	3	kicked	11.3116
25	4	in	2.55264
25	5	the	2.05162
25	6	chaos	11.7276
25	7	found	17.2032
25	8	her	10.7652
25	9	way	7.46068
25	10	back	8.87046
25	11	home	6.00516
26	1	The	1.7632
26	2	child	11.4194
26	3	who	13.2829
26	4	was	3.96341
26	5	kicked	9.34771
26	6	in	2.55834
26	7	the	2.90398
26	8	chaos	10.7572
26	9	found	9.3781
26	10	her	9.7076
26	11	way	8.19729
26	12	back	9.57766
26	13	home	5.31936
27	1	The	1.66149
27	2	child	10.1786
27	3	forgotten	13.7403
27	4	in	2.61149
27	5	the	1.72303
27	6	chaos	12.8357
27	7	found	6.83121
27	8	her	6.36328
27	9	way	6.88601
27	10	back	8.5409
27	11	home	5.64571
28	1	The	1.96426
28	2	child	10.1005
28	3	who	13.5109
28	4	was	5.79979
28	5	forgotten	8.83642
28	6	in	2.28503
28	7	the	1.9516
28	8	chaos	12.185
28	9	found	14.9162
28	10	her	8.60739
28	11	way	5.95579
28	12	back	8.52385
28	13	home	6.69098
29	1	The	1.84704
29	2	horses	13.5576
29	3	UNK-LC-ed	6.32998
29	4	past	7.79758
29	5	the	3.71009
29	6	barn	9.52198
29	7	fell	13.7598
29	8	into	3.21817
29	9	a	2.06466
29	10	swamp	14.2867
30	1	The	1.72551
30	2	horses	13.2283
30	3	that	5.49546
30	4	were	2.81468
30	5	UNK-LC-ed	3.90906
30	6	past	7.40906
30	7	the	2.80946
30	8	barn	9.0623
30	9	fell	6.98522
30	10	into	3.65428
30	11	a	1.7047
30	12	swamp	13.7053
31	1	The	1.77248
31	2	horses	13.1325
31	3	taken	10.15
31	4	past	8.71594
31	5	the	3.59899
31	6	barn	9.24525
31	7	fell	15.5194
31	8	into	6.04076
31	9	a	2.05395
31	10	swamp	14.0951
32	1	The	1.8526
32	2	horses	13.1332
32	3	that	5.49734
32	4	were	2.87133
32	5	taken	5.09517
32	6	past	8.11328
32	7	the	4.35146
32	8	barn	9.31621
32	9	fell	11.164
32	10	into	3.72208
32	11	a	1.64184
32	12	swamp	13.6184
33	1	The	1.75366
33	2	artist	9.7914
33	3	painted	9.94004
33	4	a	1.56276
33	5	impressionist	15.2635
33	6	portrait	12.4777
33	7	was	13.173
33	8	impressed	11.3785
33	9	with	2.52743
33	10	the	1.60761
33	11	work	7.58782
34	1	The	1.78763
34	2	artist	9.13197
34	3	who	3.51424
34	4	was	4.14036
34	5	painted	7.61203
34	6	a	5.35078
34	7	impressionist	16.8651
34	8	portrait	12.1442
34	9	was	3.87786
34	10	impressed	7.5375
34	11	with	2.56449
34	12	the	1.79946
34	13	work	7.57276
35	1	The	1.77709
35	2	artist	9.42545
35	3	drawn	12.8101
35	4	a	6.24674
35	5	impressionist	15.6845
35	6	portrait	12.516
35	7	was	3.92851
35	8	impressed	7.30619
35	9	with	1.42302
35	10	the	1.84759
35	11	work	7.43567
36	1	The	1.76575
36	2	artist	9.55747
36	3	who	4.61197
36	4	was	4.17851
36	5	drawn	8.16102
36	6	a	6.83715
36	7	impressionist	16.5643
36	8	portrait	11.3775
36	9	was	4.39049
36	10	impressed	7.48862
36	11	with	2.40358
36	12	the	1.83228
36	13	work	7.53632
37	1	The	1.65316
37	2	car	9.1385
37	3	steered	11.7369
37	4	into	5.17831
37	5	the	1.52469
37	6	parking	7.16264
37	7	lot	3.86687
37	8	crashed	15.5338
37	9	into	7.18043
37	10	a	1.66435
37	11	concrete	7.56762
37	12	wall	5.63738
38	1	The	1.86602
38	2	car	8.60099
38	3	that	13.0334
38	4	was	3.69858
38	5	steered	10.7207
38	6	into	2.99307
38	7	the	2.70507
38	8	parking	7.63631
38	9	lot	3.78232
38	10	crashed	14.2616
38	11	into	9.95347
38	12	a	2.4767
38	13	concrete	7.37143
38	14	wall	5.5232
39	1	The	1.7435
39	2	car	9.13702
39	3	driven	12.2277
39	4	into	6.61205
39	5	the	1.58074
39	6	parking	7.3588
39	7	lot	3.66097
39	8	crashed	13.1836
39	9	into	7.57709
39	10	a	1.67272
39	11	concrete	8.2112
39	12	wall	6.03055
40	1	The	1.88341
40	2	car	8.89453
40	3	that	14.636
40	4	was	4.38834
40	5	driven	7.67353
40	6	into	3.35674
40	7	the	1.70928
40	8	parking	7.94711
40	9	lot	3.52576
40	10	crashed	16.7879
40	11	into	7.18868
40	12	a	1.70631
40	13	concrete	8.07501
40	14	wall	6.1298
41	1	The	1.76917
41	2	campaign	7.42459
41	3	intended	9.79265
41	4	to	0.0826072
41	5	be	2.82924
41	6	very	8.55334
41	7	popular	7.58632
41	8	was	13.8578
41	9	still	8.18853
41	10	unsuccessful	12.5402
42	1	The	1.65611
42	2	campaign	7.43779
42	3	that	3.99686
42	4	was	3.06551
42	5	intended	7.48695
42	6	to	0.172236
42	7	be	2.6352
42	8	very	9.62075
42	9	popular	7.64318
42	10	was	3.51315
42	11	still	5.29851
42	12	unsuccessful	11.1813
43	1	The	1.70315
43	2	campaign	7.31214
43	3	known	8.28272
43	4	to	4.09246
43	5	be	4.21196
43	6	very	8.48483
43	7	popular	6.98246
43	8	was	3.46375
43	9	still	6.01662
43	10	unsuccessful	10.0702
44	1	The	1.77663
44	2	campaign	7.53644
44	3	that	10.8109
44	4	was	4.01692
44	5	known	7.78519
44	6	to	1.99296
44	7	be	2.58617
44	8	very	7.39355
44	9	popular	7.03765
44	10	was	14.0711
44	11	still	9.05827
44	12	unsuccessful	15.6329
45	1	The	1.74966
45	2	student	9.99784
45	3	composed	12.6505
45	4	a	4.75112
45	5	carefully	12.9131
45	6	worded	13.2255
45	7	excuse	14.8282
45	8	forgot	16.1669
45	9	to	2.34785
45	10	give	6.15929
45	11	it	2.6381
45	12	to	2.88306
45	13	the	1.40019
45	14	teacher	11.6413
46	1	The	1.76753
46	2	student	10.0011
46	3	who	12.0468
46	4	was	3.18725
46	5	composed	7.8029
46	6	a	5.50434
46	7	carefully	13.7308
46	8	worded	14.2635
46	9	excuse	15.1841
46	10	forgot	13.9599
46	11	to	3.30695
46	12	give	6.18556
46	13	it	2.40857
46	14	to	3.288
46	15	the	1.44975
46	16	teacher	11.4831
47	1	The	1.71833
47	2	student	9.99816
47	3	written	9.82903
47	4	a	5.30621
47	5	carefully	8.60271
47	6	worded	9.67799
47	7	excuse	11.6455
47	8	forgot	12.4398
47	9	to	3.49874
47	10	give	5.08201
47	11	it	2.337
47	12	to	3.389
47	13	the	1.46584
47	14	teacher	11.4276
48	1	The	1.76011
48	2	student	10.0101
48	3	who	4.83156
48	4	was	3.21357
48	5	written	6.07973
48	6	a	4.49304
48	7	carefully	10.771
48	8	worded	8.88458
48	9	excuse	10.2151
48	10	forgot	17.6198
48	11	to	2.47791
48	12	give	6.49258
48	13	it	2.79939
48	14	to	2.57886
48	15	the	1.38206
48	16	teacher	11.6233
49	1	The	1.77069
49	2	television	9.02325
49	3	show	4.92313
49	4	started	6.1031
49	5	three	6.73363
49	6	weeks	3.65168
49	7	ago	1.46308
49	8	was	13.1505
49	9	canceled	7.38028
49	10	immediately	13.7099
50	1	The	1.84613
50	2	television	8.98771
50	3	show	4.96977
50	4	that	4.73293
50	5	was	3.21415
50	6	started	8.24262
50	7	three	7.09778
50	8	weeks	2.98107
50	9	ago	3.62972
50	10	was	5.14731
50	11	canceled	7.54697
50	12	immediately	13.6946
51	1	The	1.80353
51	2	television	9.07548
51	3	show	4.80224
51	4	begun	12.6835
51	5	three	8.01578
51	6	weeks	3.97211
51	7	ago	6.84118
51	8	was	15.5613
51	9	canceled	15.1939
51	10	immediately	14.7797
52	1	The	1.77399
52	2	television	8.68389
52	3	show	5.00916
52	4	that	3.34041
52	5	was	3.21572
52	6	begun	8.46252
52	7	three	6.76573
52	8	weeks	2.19092
52	9	ago	0.0777454
52	10	was	3.02902
52	11	canceled	7.88197
52	12	immediately	14.7743
53	1	The	1.6229
53	2	boys	9.91405
53	3	performed	10.432
53	4	an	6.84116
53	5	unsolicited	7.46078
53	6	favor	13.9379
53	7	appreciated	14.9586
53	8	the	2.996
53	9	person	8.5376
53	10	who	3.12093
53	11	helped	5.57534
53	12	them	4.74393
54	1	The	1.93847
54	2	boys	9.98271
54	3	who	3.03286
54	4	were	3.18019
54	5	performed	9.17078
54	6	an	7.72462
54	7	unsolicited	8.144
54	8	favor	13.2755
54	9	appreciated	12.4615
54	10	the	8.91561
54	11	person	11.9913
54	12	who	10.1928
54	13	helped	10.7023
54	14	them	7.55068
55	1	The	1.68795
55	2	boys	9.70527
55	3	done	11.0757
55	4	an	3.88979
55	5	unsolicited	7.79907
55	6	favor	12.8592
55	7	appreciated	13.6867
55	8	the	7.5906
55	9	person	8.28307
55	10	who	3.82945
55	11	helped	5.51663
55	12	them	4.83668
56	1	The	1.59446
56	2	boys	9.97763
56	3	who	11.3026
56	4	were	5.31831
56	5	done	6.83399
56	6	an	6.85445
56	7	unsolicited	8.61563
56	8	favor	12.2085
56	9	appreciated	16.7875
56	10	the	2.1518
56	11	person	6.19855
56	12	who	15.2699
56	13	helped	8.62731
56	14	them	5.26987
57	1	The	1.72589
57	2	player	11.8858
57	3	tossed	10.6929
57	4	the	1.71004
57	5	baseball	7.20619
57	6	dropped	19.0935
57	7	it	9.95174
57	8	on	3.61548
57	9	the	1.34355
57	10	ground	6.18122
58	1	The	1.86685
58	2	player	11.5947
58	3	who	14.6838
58	4	was	5.30895
58	5	tossed	7.84066
58	6	the	9.28914
58	7	baseball	9.55672
58	8	dropped	14.2112
58	9	it	9.37365
58	10	on	3.96014
58	11	the	1.40364
58	12	ground	5.93209
59	1	The	1.65763
59	2	player	12.0171
59	3	thrown	11.1108
59	4	the	3.34557
59	5	baseball	7.18934
59	6	dropped	18.6527
59	7	it	8.64057
59	8	on	3.64499
59	9	the	1.28162
59	10	ground	6.21364
60	1	The	1.73416
60	2	player	12.2875
60	3	who	11.8078
60	4	was	3.91119
60	5	thrown	6.87794
60	6	the	5.15134
60	7	baseball	8.35706
60	8	dropped	15.5526
60	9	it	11.2394
60	10	on	9.56741
60	11	the	1.07733
60	12	ground	6.55303
61	1	The	1.81395
61	2	child	10.0041
61	3	jumped	17.0543
61	4	past	9.10701
61	5	the	3.39256
61	6	swings	13.2914
61	7	was	3.90969
61	8	upset	8.20363
61	9	about	1.71605
61	10	it	5.60772
62	1	The	1.96428
62	2	child	11.4289
62	3	who	13.3187
62	4	was	5.1642
62	5	jumped	12.5165
62	6	past	8.96678
62	7	the	4.05686
62	8	swings	13.245
62	9	was	13.3916
62	10	upset	13.4765
62	11	about	5.92564
62	12	it	6.95584
63	1	The	1.71611
63	2	child	10.1159
63	3	led	8.42525
63	4	past	9.30792
63	5	the	4.26586
63	6	swings	12.477
63	7	was	14.1064
63	8	upset	12.2659
63	9	about	6.14392
63	10	it	6.01082
64	1	The	1.74565
64	2	child	9.75764
64	3	who	5.29648
64	4	was	3.58868
64	5	led	7.74966
64	6	past	8.93345
64	7	the	6.9611
64	8	swings	13.8764
64	9	was	3.98482
64	10	upset	8.1183
64	11	about	2.43104
64	12	it	6.2956
65	1	The	1.73489
65	2	students	12.2358
65	3	prepared	10.9149
65	4	a	2.99367
65	5	fancy	8.84972
65	6	dinner	9.87849
65	7	ate	16.5329
65	8	the	3.41202
65	9	meal	12.0232
65	10	quickly	9.05408
66	1	The	1.77414
66	2	students	12.2411
66	3	who	4.66148
66	4	were	3.44455
66	5	prepared	6.93097
66	6	a	7.08983
66	7	fancy	8.4417
66	8	dinner	10.3706
66	9	ate	11.3532
66	10	the	2.38726
66	11	meal	11.7336
66	12	quickly	7.42592
67	1	The	1.83885
67	2	students	12.503
67	3	gotten	12.9465
67	4	a	3.09632
67	5	fancy	8.12691
67	6	dinner	10.1802
67	7	ate	15.1005
67	8	the	3.99941
67	9	meal	11.892
67	10	quickly	8.48804
68	1	The	1.71506
68	2	students	12.2182
68	3	who	1.89
68	4	were	3.51422
68	5	gotten	9.57854
68	6	a	4.33103
68	7	fancy	9.13022
68	8	dinner	10.4694
68	9	ate	12.2215
68	10	the	2.49117
68	11	meal	11.8458
68	12	quickly	7.67639
69	1	The	1.87184
69	2	infant	11.4758
69	3	fed	12.4235
69	4	during	9.78253
69	5	the	1.04787
69	6	night	6.82726
69	7	yelled	15.2736
69	8	intensely	11.3537
70	1	The	1.73793
70	2	infant	11.0507
70	3	that	13.0255
70	4	was	10.8787
70	5	fed	14.9737
70	6	during	13.1287
70	7	the	1.5404
70	8	night	7.9537
70	9	yelled	16.2831
70	10	intensely	11.8465
71	1	The	1.63351
71	2	infant	10.9313
71	3	aroused	11.7481
71	4	during	9.8703
71	5	the	1.01912
71	6	night	7.45244
71	7	yelled	15.9233
71	8	intensely	12.5032
72	1	The	1.7211
72	2	infant	10.8591
72	3	that	12.5107
72	4	was	4.47444
72	5	aroused	8.63496
72	6	during	6.11238
72	7	the	0.996689
72	8	night	7.74493
72	9	yelled	15.7507
72	10	intensely	11.7239
73	1	The	1.83851
73	2	refugee	11.2673
73	3	sheltered	16.7934
73	4	in	5.72157
73	5	the	1.61273
73	6	basement	9.82529
73	7	departed	10.433
73	8	during	5.55273
73	9	the	1.06648
73	10	night	6.38634
74	1	The	1.75688
74	2	refugee	11.4448
74	3	who	14.3185
74	4	was	3.34769
74	5	sheltered	12.5103
74	6	in	1.43726
74	7	the	2.07234
74	8	basement	10.492
74	9	departed	16.712
74	10	during	6.61155
74	11	the	0.738391
74	12	night	6.227
75	1	The	1.75442
75	2	refugee	11.5437
75	3	hidden	11.7117
75	4	in	13.8944
75	5	the	3.79906
75	6	basement	9.72591
75	7	departed	17.5279
75	8	during	7.75927
75	9	the	0.67077
75	10	night	6.61072
76	1	The	1.74473
76	2	refugee	11.4608
76	3	who	10.7502
76	4	was	6.93589
76	5	hidden	11.0941
76	6	in	15.7068
76	7	the	3.73075
76	8	basement	10.9888
76	9	departed	11.4291
76	10	during	6.30634
76	11	the	1.05621
76	12	night	6.82766
77	1	The	1.83002
77	2	dog	11.6074
77	3	walked	8.90059
77	4	on	1.77395
77	5	the	1.50226
77	6	beach	8.29766
77	7	UNK-LC-ed	6.82391
77	8	after	4.51874
77	9	a	2.03272
77	10	bird	11.5217
78	1	The	1.87827
78	2	dog	11.5784
78	3	that	16.2748
78	4	was	5.17492
78	5	walked	10.1885
78	6	on	2.63913
78	7	the	1.08036
78	8	beach	7.96179
78	9	UNK-LC-ed	11.799
78	10	after	6.32009
78	11	a	2.9389
78	12	bird	11.567
79	1	The	1.87571
79	2	dog	11.5904
79	3	seen	11.1492
79	4	on	6.30691
79	5	the	0.996745
79	6	beach	8.64572
79	7	UNK-LC-ed	8.04936
79	8	after	6.02853
79	9	a	2.02733
79	10	bird	11.5596
80	1	The	1.71307
80	2	dog	11.7761
80	3	that	11.4222
80	4	was	5.90857
80	5	seen	8.93097
80	6	on	5.28524
80	7	the	1.15648
80	8	beach	9.39768
80	9	UNK-LC-ed	8.65328
80	10	after	4.36534
80	11	a	1.88743
80	12	bird	11.4598
81	1	The	1.73501
81	2	ship	8.99836
81	3	steered	9.4009
81	4	off	4.94309
81	5	course	10.5515
81	6	sank	15.9162
81	7	in	3.88887
81	8	the	1.47533
81	9	storm	8.84812
82	1	The	1.75053
82	2	ship	8.99093
82	3	that	12.4343
82	4	was	5.90315
82	5	steered	9.80471
82	6	off	4.10393
82	7	course	8.35562
82	8	sank	16.2741
82	9	in	3.02897
82	10	the	1.14786
82	11	storm	7.918
83	1	The	1.84287
83	2	ship	8.9615
83	3	blown	11.3799
83	4	off	3.19793
83	5	course	10.1679
83	6	sank	17.7015
83	7	in	4.96385
83	8	the	2.05011
83	9	storm	8.27492
84	1	The	1.81283
84	2	ship	8.8042
84	3	that	4.64354
84	4	was	3.24021
84	5	blown	9.82852
84	6	off	2.96251
84	7	course	14.9134
84	8	sank	11.0154
84	9	in	4.08369
84	10	the	3.2027
84	11	storm	8.23419
85	1	The	1.73483
85	2	fans	11.746
85	3	cheered	12.2646
85	4	at	6.57309
85	5	the	1.28699
85	6	concert	10.4894
85	7	took	9.6718
85	8	photos	9.2315
85	9	with	3.89252
85	10	their	5.17002
85	11	phones	8.08815
86	1	The	1.78578
86	2	fans	11.7312
86	3	that	3.74415
86	4	were	2.99971
86	5	cheered	8.8056
86	6	at	4.62072
86	7	the	2.01424
86	8	concert	10.1859
86	9	took	8.27091
86	10	photos	9.09909
86	11	with	4.80777
86	12	their	5.13299
86	13	phones	7.6172
87	1	The	1.81536
87	2	fans	11.9176
87	3	UNK-LC-ed	6.68427
87	4	at	3.59164
87	5	the	1.77431
87	6	concert	9.9356
87	7	took	7.12544
87	8	photos	9.35528
87	9	with	4.26407
87	10	their	5.3129
87	11	phones	8.18889
88	1	The	1.64854
88	2	fans	11.3747
88	3	that	10.0766
88	4	were	5.5815
88	5	UNK-LC-ed	3.93311
88	6	at	3.72775
88	7	the	1.21615
88	8	concert	10.179
88	9	took	13.4979
88	10	photos	10.5139
88	11	with	6.28892
88	12	their	5.42212
88	13	phones	7.96457
89	1	The	1.96953
89	2	boat	11.5175
89	3	steered	9.63221
89	4	to	2.73872
89	5	the	1.31025
89	6	sea	9.20599
89	7	disappeared	13.3931
89	8	in	1.8303
89	9	the	1.22803
89	10	storm	8.90554
90	1	The	1.76811
90	2	boat	11.3704
90	3	that	10.7635
90	4	was	6.51039
90	5	steered	9.81184
90	6	in	3.69522
90	7	the	1.74546
90	8	sea	7.744
90	9	disappeared	14.2217
90	10	in	2.98775
90	11	the	1.43836
90	12	storm	8.26538
91	1	The	1.92325
91	2	boat	11.4877
91	3	sunk	16.659
91	4	in	3.2091
91	5	the	1.80627
91	6	sea	8.86197
91	7	disappeared	14.8321
91	8	in	2.31725
91	9	the	1.27164
91	10	storm	9.13708
92	1	The	1.94497
92	2	boat	11.4998
92	3	that	11.7497
92	4	was	6.95636
92	5	sunk	12.3566
92	6	in	3.59078
92	7	the	2.19313
92	8	sea	9.54329
92	9	disappeared	14.2187
92	10	in	2.5284
92	11	the	1.44507
92	12	storm	8.12479
93	1	The	1.87446
93	2	couple	9.92301
93	3	bought	9.61662
93	4	the	2.46761
93	5	apartment	12.1232
93	6	moved	14.4672
93	7	to	1.47908
93	8	a	2.20591
93	9	different	7.4622
93	10	city	6.01731
94	1	The	1.86303
94	2	couple	9.52903
94	3	that	11.1204
94	4	was	9.83667
94	5	bought	11.3044
94	6	the	2.36258
94	7	apartment	11.6862
94	8	moved	11.7828
94	9	to	2.24466
94	10	a	2.89076
94	11	different	8.51537
94	12	city	6.36459
95	1	The	1.71822
95	2	couple	9.33054
95	3	shown	11.5182
95	4	the	3.17888
95	5	apartment	10.7879
95	6	moved	8.87159
95	7	to	1.50225
95	8	a	1.94466
95	9	different	6.49372
95	10	city	6.5719
96	1	The	1.75442
96	2	couple	9.35432
96	3	that	9.21476
96	4	was	3.65286
96	5	shown	7.81128
96	6	the	2.34869
96	7	apartment	10.4234
96	8	moved	9.82247
96	9	to	2.12188
96	10	a	2.25737
96	11	different	6.89505
96	12	city	6.46796
97	1	The	1.69106
97	2	girl	11.6936
97	3	made	5.36306
97	4	a	1.77671
97	5	new	4.13748
97	6	blanket	12.1758
97	7	lost	11.7333
97	8	it	8.39301
97	9	during	6.05449
97	10	the	1.05332
97	11	trip	8.68628
98	1	The	1.98489
98	2	girl	11.1651
98	3	who	2.44389
98	4	was	3.98901
98	5	made	6.96348
98	6	a	5.59736
98	7	new	3.19155
98	8	blanket	12.0831
98	9	lost	12.2905
98	10	it	5.07597
98	11	during	5.95638
98	12	the	1.2129
98	13	trip	8.73292
99	1	The	1.87671
99	2	girl	11.4106
99	3	given	9.84623
99	4	a	2.87061
99	5	new	3.77004
99	6	blanket	12.0419
99	7	lost	13.8322
99	8	it	13.4215
99	9	during	7.10243
99	10	the	1.1034
99	11	trip	8.49786
100	1	The	1.68026
100	2	girl	11.1892
100	3	who	3.03163
100	4	was	3.97617
100	5	given	6.52853
100	6	a	2.33004
100	7	new	3.66349
100	8	blanket	11.9854
100	9	lost	10.6715
100	10	it	4.0064
100	11	during	5.94287
100	12	the	1.22648
100	13	trip	7.90545
101	1	The	1.74997
101	2	airplane	21.6875
101	3	landed	12.1911
101	4	in	2.24058
101	5	the	2.47399
101	6	mountains	13.0642
101	7	broke	12.5616
101	8	down	3.31659
101	9	during	5.52096
101	10	the	0.986219
101	11	ice	9.96831
101	12	storm	10.5599
102	1	The	1.77447
102	2	airplane	21.7054
102	3	that	17.489
102	4	was	3.1007
102	5	landed	11.9091
102	6	in	1.98972
102	7	the	2.33152
102	8	mountains	12.1816
102	9	broke	15.5445
102	10	down	5.24981
103	1	The	1.92312
103	2	airplane	21.6117
103	3	flown	15.5636
103	4	in	2.84545
103	5	the	2.69028
103	6	mountains	13.503
103	7	broke	7.00251
103	8	down	2.58747
103	9	during	6.00492
103	10	the	1.00151
103	11	ice	10.2515
103	12	storm	10.2999
104	1	The	1.71626
104	2	airplane	21.0991
104	3	that	16.4147
104	4	was	2.40642
104	5	flown	10.3751
104	6	in	2.09106
104	7	the	1.84963
104	8	mountains	11.5746
104	9	broke	17.9228
104	10	down	6.83332
104	11	during	6.28483
104	12	the	0.893137
104	13	ice	10.0915
104	14	storm	10.8242
105	1	The	1.96752
105	2	child	11.2955
105	3	carried	8.69094
105	4	down	3.96272
105	5	the	3.03454
105	6	hall	9.06685
105	7	yelled	17.6034
105	8	at	4.58398
105	9	the	1.29983
105	10	top	5.00702
105	11	of	1.62425
105	12	his	2.7702
105	13	lungs	8.4183
106	1	The	1.71651
106	2	child	9.61866
106	3	that	8.40311
106	4	was	3.41296
106	5	carried	7.53004
106	6	down	2.90813
106	7	the	7.88904
106	8	hall	9.70646
106	9	yelled	16.9442
106	10	at	4.2343
106	11	the	1.17322
106	12	top	4.81602
106	13	of	2.13431
106	14	his	2.75183
106	15	lungs	8.47708
107	1	The	1.62702
107	2	child	10.0498
107	3	borne	14.3621
107	4	down	4.11606
107	5	the	1.76148
107	6	hall	9.18876
107	7	yelled	17.1452
107	8	at	4.51613
107	9	the	1.36764
107	10	top	4.7571
107	11	of	0.856775
107	12	his	2.62427
107	13	lungs	8.21813
108	1	The	1.60794
108	2	child	10.119
108	3	that	12.3161
108	4	was	5.36142
108	5	borne	12.2754
108	6	down	3.70654
108	7	the	4.87133
108	8	hall	9.60649
108	9	yelled	16.8619
108	10	at	4.46852
108	11	the	1.98148
108	12	top	4.97397
108	13	of	1.39917
108	14	his	2.68212
108	15	lungs	8.21088
