sentence_id	token_id	token	surprisal
1	1	The	1.73235
1	2	woman	8.46116
1	3	brought	7.42621
1	4	the	2.11508
1	5	sandwich	11.9734
1	6	from	3.42355
1	7	the	1.44302
1	8	kitchen	8.34473
1	9	fell	16.3975
1	10	in	2.76439
1	11	the	2.33035
1	12	dining	17.1545
1	13	room	3.80082
2	1	The	1.61064
2	2	woman	8.36586
2	3	who	11.2947
2	4	was	4.24134
2	5	brought	5.89928
2	6	the	8.57679
2	7	sandwich	13.9391
2	8	from	3.72151
2	9	the	1.43373
2	10	kitchen	8.53856
2	11	fell	13.8951
2	12	in	3.02784
2	13	the	2.38407
2	14	dining	14.9974
2	15	room	11.9207
3	1	The	2.10064
3	2	woman	8.39065
3	3	given	10.652
3	4	the	1.67395
3	5	sandwich	11.9087
3	6	from	3.82996
3	7	the	2.28964
3	8	kitchen	8.55761
3	9	fell	15.6414
3	10	in	3.42609
3	11	the	2.23802
3	12	dining	15.2813
3	13	room	4.69008
4	1	The	1.60225
4	2	woman	8.30219
4	3	who	12.2348
4	4	was	3.23304
4	5	given	5.39933
4	6	the	1.84442
4	7	sandwich	12.0756
4	8	from	5.41238
4	9	the	1.34969
4	10	kitchen	8.63663
4	11	fell	15.1974
4	12	in	2.2229
4	13	the	2.1558
4	14	dining	16.375
4	15	room	3.8316
5	1	The	1.63425
5	2	convict	15.4846
5	3	walked	21.4349
5	4	into	6.16086
5	5	the	1.35309
5	6	dark	7.6554
5	7	cell	11.436
5	8	tried	10.3557
5	9	to	0.407129
5	10	escape	6.75077
5	11	but	12.8726
5	12	failed	10.987
6	1	The	2.04392
6	2	convict	15.1865
6	3	who	12.5432
6	4	was	3.29767
6	5	walked	11.7026
6	6	into	3.04997
6	7	the	1.6362
6	8	dark	6.1518
6	9	cell	10.2645
6	10	tried	15.6217
6	11	to	0.53993
6	12	escape	6.45664
6	13	but	4.629
6	14	failed	7.92234
7	1	The	2.32847
7	2	convict	15.4358
7	3	taken	16.8712
7	4	into	9.12396
7	5	the	1.72593
7	6	dark	7.65179
7	7	cell	11.9274
7	8	tried	10.5882
7	9	to	0.294388
7	10	escape	6.78217
7	11	but	11.4058
7	12	failed	11.6406
8	1	The	1.92645
8	2	convict	15.5625
8	3	who	11.8549
8	4	was	2.99676
8	5	taken	6.61081
8	6	into	3.95325
8	7	the	1.63204
8	8	dark	6.67298
8	9	cell	10.2202
8	10	tried	15.0663
8	11	to	0.878906
8	12	escape	6.60466
8	13	but	12.8386
8	14	failed	11.2162
9	1	The	1.71916
9	2	prisoners	14.3408
9	3	hit	9.27071
9	4	for	4.6989
9	5	hours	8.49555
9	6	and	10.7689
9	7	hours	7.16454
9	8	confessed	15.5942
9	9	to	8.55641
9	10	crimes	12.3798
9	11	they	12.5765
9	12	never	7.28544
9	13	committed	8.63789
10	1	The	1.76187
10	2	prisoners	14.3385
10	3	who	12.4819
10	4	were	6.69095
10	5	hit	7.51062
10	6	for	4.77538
10	7	hours	7.88537
10	8	and	3.94006
10	9	hours	8.728
10	10	confessed	16.6734
10	11	to	1.14411
10	12	crimes	10.509
10	13	they	12.3395
10	14	never	6.14772
10	15	committed	9.01796
11	1	The	1.52344
11	2	prisoners	14.3385
11	3	beaten	12.4709
11	4	for	11.1499
11	5	hours	15.0312
11	6	and	12.8568
11	7	hours	7.79035
11	8	confessed	14.2661
11	9	to	0.0531235
11	10	crimes	10.6008
11	11	they	15.4682
11	12	never	13.96
11	13	committed	11.2861
12	1	The	2.25329
12	2	prisoners	14.3332
12	3	who	15.5841
12	4	were	8.47316
12	5	beaten	9.70065
12	6	for	4.8722
12	7	hours	8.04144
12	8	and	3.19267
12	9	hours	8.76925
12	10	confessed	13.5532
12	11	to	0.0379975
12	12	crimes	10.5467
12	13	they	13.2565
12	14	never	7.73896
12	15	committed	13.7916
13	1	The	2.66042
13	2	business	7.93907
13	3	expanded	8.38371
13	4	into	5.1854
13	5	an	3.90726
13	6	empire	16.2616
13	7	was	15.3202
13	8	sold	2.94807
13	9	for	2.55166
13	10	billions	9.2823
13	11	of	0.0966775
13	12	dollars	2.10471
14	1	The	1.61917
14	2	business	8.02528
14	3	that	11.5775
14	4	was	4.54052
14	5	expanded	8.51615
14	6	into	4.60264
14	7	an	4.03887
14	8	empire	16.2585
14	9	was	14.0141
14	10	sold	3.67956
14	11	for	2.73272
14	12	billions	9.2462
14	13	of	0.0239761
14	14	dollars	2.07048
15	1	The	1.54626
15	2	business	8.028
15	3	grown	16.023
15	4	into	4.94323
15	5	an	3.9594
15	6	empire	17.6466
15	7	was	14.8551
15	8	sold	13.2796
15	9	for	12.5374
15	10	billions	13.2564
15	11	of	3.76897
15	12	dollars	4.24006
16	1	The	2.15701
16	2	business	7.93907
16	3	that	12.1295
16	4	was	4.14825
16	5	grown	8.09971
16	6	into	4.68622
16	7	an	4.02351
16	8	empire	17.6107
16	9	was	14.3404
16	10	sold	2.7896
16	11	for	3.1532
16	12	billions	9.76255
16	13	of	0.399534
16	14	dollars	2.18053
17	1	The	1.501
17	2	mice	13.1888
17	3	consumed	12.1301
17	4	rapidly	13.9646
17	5	and	8.0803
17	6	entirely	7.75762
17	7	were	8.29953
17	8	carrying	11.8344
17	9	a	4.51533
17	10	rare	6.39425
17	11	bacteria	10.7128
18	1	The	1.62049
18	2	mice	13.1609
18	3	that	5.25931
18	4	were	3.40289
18	5	consumed	8.42824
18	6	rapidly	7.73994
18	7	and	5.88933
18	8	entirely	6.36693
18	9	were	6.24693
18	10	carrying	9.10289
18	11	a	2.2649
18	12	rare	7.35643
18	13	bacteria	10.624
19	1	The	1.73277
19	2	mice	12.853
19	3	consumed	9.60381
19	4	rapidly	8.92293
19	5	and	12.696
19	6	entirely	8.69732
19	7	were	5.03958
19	8	carrying	10.0026
19	9	a	1.79431
19	10	rare	7.14604
19	11	bacteria	10.5622
20	1	The	1.63485
20	2	mice	13.5445
20	3	that	5.26278
20	4	were	3.64407
20	5	consumed	7.73224
20	6	rapidly	8.43452
20	7	and	2.96746
20	8	entirely	9.96368
20	9	were	11.6054
20	10	carrying	10.9024
20	11	a	12.4351
20	12	rare	8.37902
20	13	bacteria	9.67846
21	1	The	1.66119
21	2	lawyer	10.3102
21	3	pledged	8.43589
21	4	to	9.37245
21	5	keep	6.79729
21	6	silent	11.071
21	7	was	16.1709
21	8	discovered	13.2812
21	9	to	7.21316
21	10	have	11.9013
21	11	broken	7.64814
21	12	his	5.52839
21	13	promise	7.6145
22	1	The	1.61062
22	2	lawyer	10.3078
22	3	that	14.3186
22	4	was	4.22775
22	5	pledged	9.39161
22	6	to	0.677992
22	7	keep	4.51356
22	8	silent	13.5292
22	9	was	17.6585
22	10	discovered	12.8405
22	11	to	4.82561
22	12	have	13.6136
22	13	broken	10.0716
22	14	his	13.4512
22	15	promise	12.4273
23	1	The	1.46832
23	2	lawyer	10.309
23	3	committed	11.757
23	4	to	3.51739
23	5	keep	15.38
23	6	silent	13.8852
23	7	was	3.92799
23	8	discovered	8.16268
23	9	to	6.12691
23	10	have	12.3777
23	11	broken	10.0997
23	12	his	15.0546
23	13	promise	12.3429
24	1	The	1.79085
24	2	lawyer	10.3042
24	3	who	16.6351
24	4	was	17.2489
24	5	committed	9.3762
24	6	to	0.998234
24	7	keep	5.76117
24	8	silent	12.7517
24	9	was	17.61
24	10	discovered	13.1327
24	11	to	2.91656
24	12	have	5.14899
24	13	broken	7.59872
24	14	his	4.45955
24	15	promise	7.7998
25	1	The	1.84169
25	2	child	9.21679
25	3	kicked	12.2172
25	4	in	2.64423
25	5	the	2.62285
25	6	chaos	11.4056
25	7	found	16.0453
25	8	her	7.24472
25	9	way	6.08733
25	10	back	9.42866
25	11	home	7.48299
26	1	The	1.87404
26	2	child	9.90321
26	3	who	13.5113
26	4	was	3.91442
26	5	kicked	9.57785
26	6	in	2.74287
26	7	the	4.32751
26	8	chaos	10.761
26	9	found	16.5254
26	10	her	7.0818
26	11	way	6.91821
26	12	back	7.73399
26	13	home	13.352
27	1	The	2.05914
27	2	child	10.2257
27	3	forgotten	13.256
27	4	in	2.45338
27	5	the	1.92553
27	6	chaos	11.2993
27	7	found	20.7558
27	8	her	7.19822
27	9	way	7.81969
27	10	back	6.53889
27	11	home	8.98347
28	1	The	1.87148
28	2	child	9.44339
28	3	who	11.0851
28	4	was	3.56784
28	5	forgotten	8.86861
28	6	in	2.44488
28	7	the	2.0377
28	8	chaos	10.8327
28	9	found	17.5762
28	10	her	5.91768
28	11	way	6.69297
28	12	back	8.31699
28	13	home	8.16156
29	1	The	2.32405
29	2	horses	13.428
29	3	UNK-LC-ed	6.03711
29	4	past	6.88601
29	5	the	5.11205
29	6	barn	9.10253
29	7	fell	15.7308
29	8	into	4.44048
29	9	a	1.99831
29	10	swamp	14.203
30	1	The	1.36339
30	2	horses	13.3696
30	3	that	15.0438
30	4	were	7.27736
30	5	UNK-LC-ed	4.32356
30	6	past	8.95168
30	7	the	3.00978
30	8	barn	9.44151
30	9	fell	15.1888
30	10	into	4.4526
30	11	a	2.08365
30	12	swamp	14.3283
31	1	The	1.63554
31	2	horses	13.432
31	3	taken	10.4051
31	4	past	7.48834
31	5	the	3.80848
31	6	barn	9.57231
31	7	fell	15.0122
31	8	into	4.56631
31	9	a	1.91476
31	10	swamp	14.1914
32	1	The	1.46792
32	2	horses	13.4205
32	3	that	12.318
32	4	were	6.16973
32	5	taken	5.03708
32	6	past	8.62619
32	7	the	3.39056
32	8	barn	8.98659
32	9	fell	15.1094
32	10	into	4.95611
32	11	a	1.92233
32	12	swamp	14.4419
33	1	The	1.62078
33	2	artist	9.67394
33	3	painted	11.7385
33	4	a	1.42716
33	5	impressionist	15.346
33	6	portrait	12.9745
33	7	was	11.3716
33	8	impressed	12.9725
33	9	with	14.7687
33	10	the	9.06904
33	11	work	8.05776
34	1	The	1.87415
34	2	artist	9.71544
34	3	who	11.767
34	4	was	4.31029
34	5	painted	8.48224
34	6	a	12.3967
34	7	impressionist	14.9361
34	8	portrait	12.4567
34	9	was	16.8011
34	10	impressed	8.67086
34	11	with	2.62372
34	12	the	1.82238
34	13	work	7.32724
35	1	The	1.83654
35	2	artist	9.5961
35	3	drawn	12.0788
35	4	a	2.42131
35	5	impressionist	16.7007
35	6	portrait	10.9503
35	7	was	9.97381
35	8	impressed	8.69267
35	9	with	4.01849
35	10	the	1.86997
35	11	work	7.88711
36	1	The	1.73366
36	2	artist	9.44829
36	3	who	13.8673
36	4	was	11.0023
36	5	drawn	13.1177
36	6	a	2.76762
36	7	impressionist	16.3968
36	8	portrait	11.1252
36	9	was	9.89758
36	10	impressed	8.0084
36	11	with	4.09145
36	12	the	1.90173
36	13	work	7.42631
37	1	The	1.61409
37	2	car	8.70397
37	3	steered	12.7384
37	4	into	3.66692
37	5	the	1.43052
37	6	parking	7.62713
37	7	lot	3.79359
37	8	crashed	15.1768
37	9	into	7.16864
37	10	a	1.81544
37	11	concrete	7.31154
37	12	wall	5.6636
38	1	The	1.73367
38	2	car	9.14237
38	3	that	16.9124
38	4	was	4.58113
38	5	steered	11.6095
38	6	into	2.56286
38	7	the	1.58027
38	8	parking	7.32963
38	9	lot	3.92468
38	10	crashed	16.8005
38	11	into	6.32351
38	12	a	1.97294
38	13	concrete	7.62551
38	14	wall	5.45632
39	1	The	1.66104
39	2	car	9.13272
39	3	driven	12.5626
39	4	into	13.7429
39	5	the	9.6465
39	6	parking	13.3433
39	7	lot	3.93121
39	8	crashed	14.5327
39	9	into	5.0288
39	10	a	1.62978
39	11	concrete	8.20035
39	12	wall	6.02653
40	1	The	1.9082
40	2	car	9.08341
40	3	that	16.8903
40	4	was	6.34909
40	5	driven	6.72566
40	6	into	3.82774
40	7	the	1.63286
40	8	parking	7.84469
40	9	lot	3.24652
40	10	crashed	14.4959
40	11	into	7.39124
40	12	a	1.90352
40	13	concrete	7.81421
40	14	wall	5.70255
41	1	The	1.67109
41	2	campaign	7.49025
41	3	intended	9.94959
41	4	to	0.000367141
41	5	be	2.91568
41	6	very	7.7312
41	7	popular	8.14343
41	8	was	14.2163
41	9	still	8.60857
41	10	unsuccessful	6.18076
42	1	The	1.82073
42	2	campaign	7.58455
42	3	that	12.9165
42	4	was	7.74915
42	5	intended	7.89493
42	6	to	0.0872011
42	7	be	3.04305
42	8	very	9.91913
42	9	popular	7.54456
42	10	was	14.151
42	11	still	8.11232
42	12	unsuccessful	14.0695
43	1	The	2.59948
43	2	campaign	7.48186
43	3	known	11.577
43	4	to	6.19289
43	5	be	11.9645
43	6	very	8.40325
43	7	popular	7.50746
43	8	was	14.4814
43	9	still	6.91487
43	10	unsuccessful	9.62805
44	1	The	2.03683
44	2	campaign	7.30357
44	3	that	13.0017
44	4	was	12.63
44	5	known	10.1703
44	6	to	2.47132
44	7	be	1.99198
44	8	very	7.15699
44	9	popular	8.10343
44	10	was	5.06703
44	11	still	5.15477
44	12	unsuccessful	11.6362
45	1	The	2.57349
45	2	student	9.99018
45	3	composed	12.4094
45	4	a	5.00478
45	5	carefully	8.27491
45	6	worded	9.0835
45	7	excuse	10.696
45	8	forgot	18.7371
45	9	to	3.10529
45	10	give	14.2629
45	11	it	4.01715
45	12	to	2.20215
45	13	the	1.36258
45	14	teacher	11.5821
46	1	The	1.89585
46	2	student	9.9895
46	3	who	14.5132
46	4	was	3.57161
46	5	composed	7.43164
46	6	a	14.8114
46	7	carefully	10.1924
46	8	worded	9.99541
46	9	excuse	10.3849
46	10	forgot	17.005
46	11	to	4.24942
46	12	give	10.6052
46	13	it	2.51024
46	14	to	2.78281
46	15	the	1.71689
46	16	teacher	11.4189
47	1	The	1.58516
47	2	student	9.9886
47	3	written	11.3465
47	4	a	2.34418
47	5	carefully	9.24008
47	6	worded	9.4206
47	7	excuse	10.2947
47	8	forgot	16.7165
47	9	to	2.27867
47	10	give	5.15066
47	11	it	2.59844
47	12	to	2.90281
47	13	the	1.30062
47	14	teacher	11.569
48	1	The	1.58652
48	2	student	9.96623
48	3	who	12.3775
48	4	was	3.74456
48	5	written	5.99352
48	6	a	8.62946
48	7	carefully	10.0497
48	8	worded	10.9433
48	9	excuse	16.1523
48	10	forgot	14.8866
48	11	to	4.29988
48	12	give	13.689
48	13	it	8.64311
48	14	to	6.105
48	15	the	1.33846
48	16	teacher	11.9023
49	1	The	1.63569
49	2	television	8.91454
49	3	show	4.93085
49	4	started	6.07157
49	5	three	7.98205
49	6	weeks	4.45366
49	7	ago	12.9484
49	8	was	13.1194
49	9	canceled	10.8984
49	10	immediately	15.7044
50	1	The	1.94032
50	2	television	9.02027
50	3	show	4.91441
50	4	that	15.4264
50	5	was	7.63229
50	6	started	9.20389
50	7	three	8.03363
50	8	weeks	3.115
50	9	ago	6.23551
50	10	was	15.1382
50	11	canceled	9.00806
50	12	immediately	18.09
51	1	The	1.78972
51	2	television	8.95952
51	3	show	4.98465
51	4	begun	13.5603
51	5	three	13.409
51	6	weeks	4.6634
51	7	ago	6.06105
51	8	was	14.2376
51	9	canceled	14.2362
51	10	immediately	13.2337
52	1	The	1.97279
52	2	television	9.01342
52	3	show	4.88599
52	4	that	13.9294
52	5	was	5.1146
52	6	begun	9.51559
52	7	three	15.074
52	8	weeks	8.82047
52	9	ago	13.4863
52	10	was	12.4379
52	11	canceled	13.4408
52	12	immediately	14.6916
53	1	The	1.81872
53	2	boys	9.7842
53	3	performed	11.4514
53	4	an	7.60263
53	5	unsolicited	8.50783
53	6	favor	15.5229
53	7	appreciated	14.5357
53	8	the	11.1242
53	9	person	12.388
53	10	who	2.54943
53	11	helped	6.05289
53	12	them	5.02577
54	1	The	1.61095
54	2	boys	9.79735
54	3	who	14.8805
54	4	were	15.1826
54	5	performed	10.1533
54	6	an	10.2771
54	7	unsolicited	12.3385
54	8	favor	13.4663
54	9	appreciated	15.6607
54	10	the	3.65074
54	11	person	6.10259
54	12	who	16.4437
54	13	helped	14.1321
54	14	them	12.4449
55	1	The	1.87399
55	2	boys	9.8425
55	3	done	11.9364
55	4	an	3.81382
55	5	unsolicited	8.63917
55	6	favor	13.109
55	7	appreciated	17.071
55	8	the	5.05775
55	9	person	7.81473
55	10	who	12.6125
55	11	helped	13.4816
55	12	them	5.79967
56	1	The	2.02327
56	2	boys	9.892
56	3	who	12.0151
56	4	were	11.6662
56	5	done	8.9739
56	6	an	8.49349
56	7	unsolicited	9.36053
56	8	favor	12.7741
56	9	appreciated	11.77
56	10	the	2.36124
56	11	person	8.74006
56	12	who	2.94153
56	13	helped	5.52562
56	14	them	5.52557
57	1	The	1.33923
57	2	player	11.6765
57	3	tossed	11.8502
57	4	the	1.70686
57	5	baseball	7.20619
57	6	dropped	19.0835
57	7	it	11.2792
57	8	on	3.21137
57	9	the	1.34758
57	10	ground	6.0361
58	1	The	1.73372
58	2	player	12.0011
58	3	who	9.40122
58	4	was	6.05903
58	5	tossed	7.6929
58	6	the	9.34029
58	7	baseball	10.0492
58	8	dropped	13.4218
58	9	it	5.16537
58	10	on	11.5034
58	11	the	1.72041
58	12	ground	6.74081
59	1	The	1.5011
59	2	player	12.0011
59	3	thrown	11.2094
59	4	the	2.26053
59	5	baseball	7.47508
59	6	dropped	18.6036
59	7	it	12.2706
59	8	on	3.37132
59	9	the	1.25178
59	10	ground	6.16878
60	1	The	1.94051
60	2	player	12.0553
60	3	who	16.7793
60	4	was	15.3362
60	5	thrown	10.7204
60	6	the	4.62753
60	7	baseball	7.10893
60	8	dropped	18.0913
60	9	it	10.7401
60	10	on	3.0452
60	11	the	1.26954
60	12	ground	5.88126
61	1	The	1.63569
61	2	child	10.5127
61	3	jumped	11.2596
61	4	past	10.6037
61	5	the	4.15551
61	6	swings	12.8129
61	7	was	15.4107
61	8	upset	10.3118
61	9	about	3.01563
61	10	it	6.12034
62	1	The	1.66099
62	2	child	10.7798
62	3	who	15.947
62	4	was	12.5396
62	5	jumped	13.4683
62	6	past	9.98807
62	7	the	3.43945
62	8	swings	13.3342
62	9	was	12.7679
62	10	upset	12.1005
62	11	about	6.71498
62	12	it	5.34045
63	1	The	1.41148
63	2	child	10.1159
63	3	led	7.99959
63	4	past	10.3183
63	5	the	4.34259
63	6	swings	12.7148
63	7	was	12.3588
63	8	upset	12.6914
63	9	about	4.32736
63	10	it	5.5323
64	1	The	1.76111
64	2	child	9.7254
64	3	who	15.9105
64	4	was	15.7781
64	5	led	7.61953
64	6	past	7.62532
64	7	the	4.09004
64	8	swings	14.4933
64	9	was	17.5312
64	10	upset	11.4001
64	11	about	11.6806
64	12	it	7.35611
65	1	The	2.11526
65	2	students	12.4418
65	3	prepared	11.6799
65	4	a	2.51209
65	5	fancy	8.29924
65	6	dinner	10.0311
65	7	ate	14.2179
65	8	the	9.73361
65	9	meal	12.9919
65	10	quickly	12.5645
66	1	The	1.75084
66	2	students	12.2074
66	3	who	1.84928
66	4	were	3.50048
66	5	prepared	7.73916
66	6	a	14.3338
66	7	fancy	8.86906
66	8	dinner	13.4709
66	9	ate	12.1412
66	10	the	3.89663
66	11	meal	12.0914
66	12	quickly	16.027
67	1	The	1.62752
67	2	students	12.27
67	3	gotten	11.9686
67	4	a	3.23737
67	5	fancy	8.04728
67	6	dinner	9.92539
67	7	ate	16.4844
67	8	the	2.73201
67	9	meal	11.8777
67	10	quickly	15.4389
68	1	The	1.52338
68	2	students	12.4335
68	3	who	2.54239
68	4	were	3.50048
68	5	gotten	9.24048
68	6	a	3.9532
68	7	fancy	8.29376
68	8	dinner	10.4179
68	9	ate	10.8039
68	10	the	2.92157
68	11	meal	11.6026
68	12	quickly	6.73204
69	1	The	1.97204
69	2	infant	10.9699
69	3	fed	14.2136
69	4	during	12.5963
69	5	the	1.46242
69	6	night	7.77611
69	7	yelled	15.6946
69	8	intensely	15.2931
70	1	The	2.11585
70	2	infant	11.1873
70	3	that	17.153
70	4	was	2.86375
70	5	fed	9.31049
70	6	during	12.4833
70	7	the	6.0756
70	8	night	6.00507
70	9	yelled	20.2047
70	10	intensely	17.5352
71	1	The	1.86364
71	2	infant	11.0426
71	3	aroused	12.1566
71	4	during	15.0825
71	5	the	9.01113
71	6	night	4.29727
71	7	yelled	17.6436
71	8	intensely	12.2621
72	1	The	1.3763
72	2	infant	11.068
72	3	that	15.9888
72	4	was	3.52218
72	5	aroused	8.99869
72	6	during	6.46352
72	7	the	1.24201
72	8	night	7.36839
72	9	yelled	18.3856
72	10	intensely	11.7686
73	1	The	1.62884
73	2	refugee	11.1194
73	3	sheltered	16.1071
73	4	in	5.94626
73	5	the	1.51091
73	6	basement	9.83139
73	7	departed	11.915
73	8	during	5.50041
73	9	the	0.982011
73	10	night	6.55385
74	1	The	2.10291
74	2	refugee	11.4033
74	3	who	14.0986
74	4	was	2.74246
74	5	sheltered	13.1337
74	6	in	1.5908
74	7	the	2.09699
74	8	basement	10.0771
74	9	departed	14.4046
74	10	during	5.13016
74	11	the	0.874798
74	12	night	6.80289
75	1	The	1.79097
75	2	refugee	11.1912
75	3	hidden	11.2084
75	4	in	13.7767
75	5	the	4.23526
75	6	basement	11.0952
75	7	departed	15.6334
75	8	during	7.19723
75	9	the	0.602506
75	10	night	6.41461
76	1	The	1.74762
76	2	refugee	11.2403
76	3	who	14.3313
76	4	was	3.4021
76	5	hidden	9.18854
76	6	in	2.31547
76	7	the	1.71861
76	8	basement	10.43
76	9	departed	17.8828
76	10	during	7.56724
76	11	the	0.815057
76	12	night	6.42405
77	1	The	1.97528
77	2	dog	11.5494
77	3	walked	9.20115
77	4	on	2.38316
77	5	the	1.45341
77	6	beach	7.58211
77	7	UNK-LC-ed	10.3536
77	8	after	4.45544
77	9	a	2.095
77	10	bird	11.4752
78	1	The	1.79603
78	2	dog	11.6989
78	3	that	16.4018
78	4	was	8.60267
78	5	walked	11.9885
78	6	on	2.49298
78	7	the	1.30216
78	8	beach	7.67856
78	9	UNK-LC-ed	13.8081
78	10	after	4.93052
78	11	a	2.14479
78	12	bird	11.8511
79	1	The	1.72469
79	2	dog	11.583
79	3	seen	11.1162
79	4	on	12.6461
79	5	the	7.65202
79	6	beach	10.5978
79	7	UNK-LC-ed	13.1216
79	8	after	4.12199
79	9	a	2.0545
79	10	bird	11.6751
80	1	The	1.54667
80	2	dog	11.6181
80	3	that	16.2503
80	4	was	8.76996
80	5	seen	7.25443
80	6	on	4.07788
80	7	the	1.08676
80	8	beach	9.1403
80	9	UNK-LC-ed	12.7641
80	10	after	4.78713
80	11	a	3.44683
80	12	bird	11.8131
81	1	The	1.76038
81	2	ship	9.02114
81	3	steered	9.30393
81	4	off	5.34068
81	5	course	10.1789
81	6	sank	16.3241
81	7	in	6.12359
81	8	the	1.44076
81	9	storm	8.11164
82	1	The	1.50123
82	2	ship	8.87928
82	3	that	14.8614
82	4	was	4.29544
82	5	steered	10.0949
82	6	off	4.22564
82	7	course	11.4947
82	8	sank	15.2914
82	9	in	4.22617
82	10	the	1.67086
82	11	storm	8.22879
83	1	The	1.87376
83	2	ship	8.86671
83	3	blown	12.0833
83	4	off	3.17438
83	5	course	9.94656
83	6	sank	17.2379
83	7	in	2.71787
83	8	the	1.45046
83	9	storm	8.01118
84	1	The	2.09138
84	2	ship	8.92474
84	3	that	14.1659
84	4	was	3.90558
84	5	blown	9.91603
84	6	off	2.86612
84	7	course	15.7216
84	8	sank	15.3624
84	9	in	5.04086
84	10	the	1.81066
84	11	storm	8.06736
85	1	The	1.61097
85	2	fans	11.5353
85	3	cheered	11.8904
85	4	at	13.4442
85	5	the	8.06269
85	6	concert	11.4117
85	7	took	13.1822
85	8	photos	12.0596
85	9	with	4.00637
85	10	their	5.54075
85	11	phones	7.93336
86	1	The	1.79089
86	2	fans	11.4097
86	3	that	13.6049
86	4	were	10.2415
86	5	cheered	8.70638
86	6	at	5.41454
86	7	the	1.18694
86	8	concert	10.9623
86	9	took	14.4222
86	10	photos	18.5783
86	11	with	4.37305
86	12	their	5.54244
86	13	phones	8.0172
87	1	The	1.63569
87	2	fans	11.561
87	3	UNK-LC-ed	5.20026
87	4	at	3.82088
87	5	the	1.2657
87	6	concert	10.1166
87	7	took	7.76316
87	8	photos	8.96811
87	9	with	4.84294
87	10	their	5.37514
87	11	phones	8.23947
88	1	The	1.79087
88	2	fans	11.3752
88	3	that	3.80369
88	4	were	3.28415
88	5	UNK-LC-ed	3.7997
88	6	at	3.66936
88	7	the	1.44536
88	8	concert	10.2834
88	9	took	7.32935
88	10	photos	8.74117
88	11	with	5.46372
88	12	their	5.20427
88	13	phones	8.01219
89	1	The	1.52237
89	2	boat	11.3376
89	3	steered	10.114
89	4	to	2.99534
89	5	the	1.37856
89	6	sea	9.24766
89	7	disappeared	13.2288
89	8	in	1.54848
89	9	the	1.72784
89	10	storm	9.08747
90	1	The	2.11181
90	2	boat	11.2025
90	3	that	12.6249
90	4	was	9.47672
90	5	steered	9.58477
90	6	in	4.93344
90	7	the	1.89432
90	8	sea	8.02151
90	9	disappeared	14.428
90	10	in	1.84745
90	11	the	1.53056
90	12	storm	9.11822
91	1	The	1.54923
91	2	boat	11.3308
91	3	sunk	17.5207
91	4	in	2.49587
91	5	the	1.42007
91	6	sea	9.78309
91	7	disappeared	11.2986
91	8	in	2.42007
91	9	the	1.82114
91	10	storm	8.3929
92	1	The	1.93941
92	2	boat	11.3856
92	3	that	12.4281
92	4	was	9.26947
92	5	sunk	13.5378
92	6	in	3.263
92	7	the	1.85067
92	8	sea	9.0937
92	9	disappeared	16.1716
92	10	in	1.74556
92	11	the	1.59266
92	12	storm	8.45883
93	1	The	1.97073
93	2	couple	9.98773
93	3	bought	9.55969
93	4	the	2.61056
93	5	apartment	11.6512
93	6	moved	15.9492
93	7	to	1.52931
93	8	a	2.75369
93	9	different	8.17417
93	10	city	5.58927
94	1	The	1.79104
94	2	couple	9.25403
94	3	that	12.3298
94	4	was	7.8129
94	5	bought	10.1811
94	6	the	2.49045
94	7	apartment	11.5891
94	8	moved	15.7404
94	9	to	1.95816
94	10	a	2.4808
94	11	different	8.40908
94	12	city	5.51235
95	1	The	2.06285
95	2	couple	9.4252
95	3	shown	12.8648
95	4	the	2.91789
95	5	apartment	10.6819
95	6	moved	9.44458
95	7	to	1.24294
95	8	a	1.9644
95	9	different	7.02589
95	10	city	6.52357
96	1	The	1.79105
96	2	couple	9.37424
96	3	that	14.5119
96	4	was	9.00806
96	5	shown	8.33389
96	6	the	9.85078
96	7	apartment	12.2286
96	8	moved	10.4407
96	9	to	1.41502
96	10	a	1.98686
96	11	different	6.34255
96	12	city	6.76131
97	1	The	1.54657
97	2	girl	11.3986
97	3	made	5.02032
97	4	a	1.78801
97	5	new	3.87553
97	6	blanket	12.0973
97	7	lost	13.4704
97	8	it	13.7917
97	9	during	7.24522
97	10	the	0.91811
97	11	trip	8.71532
98	1	The	1.50407
98	2	girl	11.0726
98	3	who	2.52099
98	4	was	3.98145
98	5	made	6.63238
98	6	a	10.9284
98	7	new	5.49956
98	8	blanket	12.4285
98	9	lost	9.10065
98	10	it	4.13178
98	11	during	6.37499
98	12	the	1.18491
98	13	trip	8.31127
99	1	The	2.15631
99	2	girl	11.684
99	3	given	10.5525
99	4	a	3.15825
99	5	new	3.83171
99	6	blanket	11.9368
99	7	lost	13.6249
99	8	it	12.9657
99	9	during	6.21685
99	10	the	1.13168
99	11	trip	8.38166
100	1	The	2.1123
100	2	girl	11.2429
100	3	who	7.274
100	4	was	6.34078
100	5	given	5.50991
100	6	a	2.18003
100	7	new	3.86953
100	8	blanket	11.9698
100	9	lost	13.818
100	10	it	12.9473
100	11	during	5.28545
100	12	the	1.09953
100	13	trip	8.2014
101	1	The	1.76186
101	2	airplane	21.7666
101	3	landed	17.0983
101	4	in	4.18397
101	5	the	2.50899
101	6	mountains	13.9572
101	7	broke	7.45774
101	8	down	2.52362
101	9	during	7.34206
101	10	the	1.08182
101	11	ice	10.0447
101	12	storm	10.8501
102	1	The	1.86354
102	2	airplane	21.7932
102	3	that	17.6575
102	4	was	2.58905
102	5	landed	12.1178
102	6	in	2.59299
102	7	the	2.39841
102	8	mountains	12.4216
102	9	broke	15.1797
102	10	down	4.02869
103	1	The	2.57495
103	2	airplane	21.8582
103	3	flown	17.831
103	4	in	11.1293
103	5	the	4.43316
103	6	mountains	13.1493
103	7	broke	16.0911
103	8	down	15.7428
103	9	during	6.28195
103	10	the	0.973301
103	11	ice	9.97433
103	12	storm	10.7725
104	1	The	1.69286
104	2	airplane	21.3784
104	3	that	16.634
104	4	was	9.25857
104	5	flown	9.81177
104	6	in	2.6383
104	7	the	1.65555
104	8	mountains	11.3666
104	9	broke	7.99912
104	10	down	4.28517
104	11	during	8.9327
104	12	the	1.73566
104	13	ice	10.0027
104	14	storm	11.2723
105	1	The	1.75943
105	2	child	10.1055
105	3	carried	10.3683
105	4	down	3.3747
105	5	the	2.20786
105	6	hall	8.90509
105	7	yelled	16.2431
105	8	at	3.53165
105	9	the	1.27304
105	10	top	4.99133
105	11	of	1.11437
105	12	his	2.89213
105	13	lungs	8.41576
106	1	The	2.07534
106	2	child	9.44339
106	3	that	14.5806
106	4	was	11.3572
106	5	carried	10.3769
106	6	down	3.27021
106	7	the	1.94902
106	8	hall	8.94464
106	9	yelled	11.7598
106	10	at	3.99368
106	11	the	1.42687
106	12	top	4.72443
106	13	of	1.40088
106	14	his	2.76212
106	15	lungs	8.3166
107	1	The	1.67217
107	2	child	9.95926
107	3	borne	16.1769
107	4	down	4.65544
107	5	the	1.95956
107	6	hall	9.22956
107	7	yelled	18.6783
107	8	at	11.95
107	9	the	1.85758
107	10	top	5.8259
107	11	of	1.39618
107	12	his	2.37343
107	13	lungs	8.12976
108	1	The	1.603
108	2	child	10.0915
108	3	that	14.149
108	4	was	10.6036
108	5	borne	12.5764
108	6	down	7.30301
108	7	the	2.25019
108	8	hall	8.81136
108	9	yelled	17.0715
108	10	at	6.07185
108	11	the	1.29147
108	12	top	5.43372
108	13	of	2.50015
108	14	his	2.80113
108	15	lungs	8.26469
