sentence_id	token_id	token	surprisal
1	1	The	1.72563
1	2	woman	8.25426
1	3	brought	7.82538
1	4	the	2.26237
1	5	sandwich	11.4806
1	6	from	3.95452
1	7	the	1.5466
1	8	kitchen	8.49149
1	9	fell	14.3522
1	10	in	3.16099
1	11	the	2.35127
1	12	dining	16.1604
1	13	room	3.74424
2	1	The	1.9464
2	2	woman	8.29515
2	3	who	16.5323
2	4	was	12.2854
2	5	brought	12.2578
2	6	the	3.28792
2	7	sandwich	11.9087
2	8	from	6.13654
2	9	the	1.50519
2	10	kitchen	8.49046
2	11	fell	14.3967
2	12	in	3.3398
2	13	the	2.71273
2	14	dining	15.1549
2	15	room	3.5205
3	1	The	1.74547
3	2	woman	8.41742
3	3	given	10.9903
3	4	the	1.61771
3	5	sandwich	12.0752
3	6	from	3.3992
3	7	the	1.95089
3	8	kitchen	8.292
3	9	fell	14.8618
3	10	in	3.78346
3	11	the	2.13613
3	12	dining	15.2359
3	13	room	3.67825
4	1	The	1.55403
4	2	woman	8.36277
4	3	who	11.4528
4	4	was	3.5087
4	5	given	5.23652
4	6	the	1.81061
4	7	sandwich	12.7215
4	8	from	4.40345
4	9	the	1.64924
4	10	kitchen	8.64401
4	11	fell	14.223
4	12	in	2.54509
4	13	the	2.14402
4	14	dining	14.9005
4	15	room	4.75537
5	1	The	1.65732
5	2	convict	15.331
5	3	walked	20.7201
5	4	into	7.07697
5	5	the	1.31567
5	6	dark	7.94651
5	7	cell	10.967
5	8	tried	10.7691
5	9	to	0.760743
5	10	escape	6.76974
5	11	but	13.1263
5	12	failed	10.987
6	1	The	2.16052
6	2	convict	15.4599
6	3	who	12.2852
6	4	was	3.46771
6	5	walked	12.0253
6	6	into	2.23107
6	7	the	1.50155
6	8	dark	6.22209
6	9	cell	10.2906
6	10	tried	15.2599
6	11	to	0.901224
6	12	escape	6.60667
6	13	but	12.7182
6	14	failed	11.6307
7	1	The	1.57622
7	2	convict	15.3185
7	3	taken	16.6612
7	4	into	7.50343
7	5	the	1.61422
7	6	dark	7.51529
7	7	cell	11.456
7	8	tried	10.1245
7	9	to	0.0729546
7	10	escape	6.65091
7	11	but	8.70205
7	12	failed	10.7286
8	1	The	1.624
8	2	convict	15.403
8	3	who	12.5984
8	4	was	3.18119
8	5	taken	6.77294
8	6	into	3.26252
8	7	the	1.74239
8	8	dark	6.62927
8	9	cell	10.1348
8	10	tried	14.7251
8	11	to	1.31803
8	12	escape	6.50748
8	13	but	13.8928
8	14	failed	11.2577
9	1	The	2.1615
9	2	prisoners	14.4125
9	3	hit	8.19458
9	4	for	4.91385
9	5	hours	8.91668
9	6	and	4.17813
9	7	hours	8.8778
9	8	confessed	16.5121
9	9	to	1.94929
9	10	crimes	10.2979
9	11	they	14.2731
9	12	never	13.0579
9	13	committed	9.29612
10	1	The	2.01664
10	2	prisoners	14.2734
10	3	who	13.2862
10	4	were	6.96814
10	5	hit	7.53769
10	6	for	4.81678
10	7	hours	7.5987
10	8	and	10.3359
10	9	hours	8.00261
10	10	confessed	10.825
10	11	to	0.454852
10	12	crimes	10.847
10	13	they	16.4038
10	14	never	7.09636
10	15	committed	7.13049
11	1	The	1.60585
11	2	prisoners	14.3214
11	3	beaten	12.6585
11	4	for	4.84673
11	5	hours	9.46366
11	6	and	4.19182
11	7	hours	12.2484
11	8	confessed	10.1937
11	9	to	0.65498
11	10	crimes	11.1074
11	11	they	14.1366
11	12	never	6.2943
11	13	committed	9.90924
12	1	The	1.82399
12	2	prisoners	14.44
12	3	who	13.3216
12	4	were	6.69989
12	5	beaten	8.87911
12	6	for	5.24181
12	7	hours	8.51392
12	8	and	3.43104
12	9	hours	8.60733
12	10	confessed	13.7435
12	11	to	0.0371761
12	12	crimes	10.3836
12	13	they	17.1558
12	14	never	12.8083
12	15	committed	6.24922
13	1	The	1.73468
13	2	business	8.10248
13	3	expanded	8.65257
13	4	into	5.04311
13	5	an	4.091
13	6	empire	15.9135
13	7	was	15.0705
13	8	sold	3.86418
13	9	for	2.5925
13	10	billions	9.06116
13	11	of	0.339132
13	12	dollars	2.21489
14	1	The	1.87658
14	2	business	8.48678
14	3	that	6.65987
14	4	was	3.32677
14	5	expanded	9.49409
14	6	into	5.12652
14	7	an	4.06184
14	8	empire	13.2312
14	9	was	17.8816
14	10	sold	13.2991
14	11	for	4.28162
14	12	billions	9.58502
14	13	of	0.162945
14	14	dollars	2.10762
15	1	The	1.74885
15	2	business	7.90323
15	3	grown	14.7264
15	4	into	7.21767
15	5	an	3.96395
15	6	empire	17.3305
15	7	was	14.9033
15	8	sold	4.99864
15	9	for	2.57272
15	10	billions	9.91889
15	11	of	0.0909705
15	12	dollars	2.04315
16	1	The	2.2293
16	2	business	8.41239
16	3	that	12.3701
16	4	was	8.13734
16	5	grown	13.7487
16	6	into	6.17498
16	7	an	3.9081
16	8	empire	18.1183
16	9	was	14.1574
16	10	sold	6.78718
16	11	for	2.68943
16	12	billions	9.31975
16	13	of	0.029391
16	14	dollars	2.05965
17	1	The	1.69545
17	2	mice	13.2956
17	3	consumed	9.15023
17	4	rapidly	15.3895
17	5	and	3.27746
17	6	entirely	17.3627
17	7	were	11.3224
17	8	carrying	13.4905
17	9	a	3.45023
17	10	rare	7.25245
17	11	bacteria	10.6758
18	1	The	1.72437
18	2	mice	13.168
18	3	that	4.79218
18	4	were	3.60491
18	5	consumed	8.86294
18	6	rapidly	7.95905
18	7	and	3.1973
18	8	entirely	9.96368
18	9	were	5.87949
18	10	carrying	10.1066
18	11	a	2.02118
18	12	rare	7.28889
18	13	bacteria	10.5923
19	1	The	1.96934
19	2	mice	13.1552
19	3	consumed	9.22776
19	4	rapidly	9.1444
19	5	and	6.61688
19	6	entirely	6.64965
19	7	were	13.3417
19	8	carrying	11.9287
19	9	a	2.97473
19	10	rare	7.19381
19	11	bacteria	10.318
20	1	The	1.55418
20	2	mice	13.3627
20	3	that	5.48491
20	4	were	3.53087
20	5	consumed	8.1758
20	6	rapidly	6.59705
20	7	and	3.4974
20	8	entirely	5.26984
20	9	were	9.76149
20	10	carrying	10.032
20	11	a	10.2152
20	12	rare	8.42735
20	13	bacteria	14.1195
21	1	The	1.80608
21	2	lawyer	10.5478
21	3	pledged	8.5465
21	4	to	2.01528
21	5	keep	4.43157
21	6	silent	11.1399
21	7	was	17.1702
21	8	discovered	13.2731
21	9	to	6.28196
21	10	have	14.1356
21	11	broken	9.55945
21	12	his	14.3469
21	13	promise	12.9696
22	1	The	1.62557
22	2	lawyer	10.3295
22	3	that	13.9446
22	4	was	5.02035
22	5	pledged	9.69299
22	6	to	1.08934
22	7	keep	4.5324
22	8	silent	11.376
22	9	was	15.8988
22	10	discovered	14.0827
22	11	to	4.46609
22	12	have	12.2309
22	13	broken	7.61198
22	14	his	6.49459
22	15	promise	7.96451
23	1	The	1.85851
23	2	lawyer	10.3059
23	3	committed	11.6337
23	4	to	10.0296
23	5	keep	15.604
23	6	silent	13.5179
23	7	was	14.2257
23	8	discovered	15.0656
23	9	to	5.67302
23	10	have	12.571
23	11	broken	7.69899
23	12	his	5.1574
23	13	promise	8.1638
24	1	The	1.58936
24	2	lawyer	10.3976
24	3	who	11.6885
24	4	was	4.27148
24	5	committed	6.91357
24	6	to	0.317973
24	7	keep	14.216
24	8	silent	14.4761
24	9	was	9.52804
24	10	discovered	9.79382
24	11	to	3.65427
24	12	have	4.78303
24	13	broken	7.86162
24	14	his	4.41601
24	15	promise	7.47048
25	1	The	1.98352
25	2	child	9.35201
25	3	kicked	17.3347
25	4	in	4.5467
25	5	the	1.48172
25	6	chaos	12.1258
25	7	found	9.59324
25	8	her	6.35815
25	9	way	7.54027
25	10	back	5.10636
25	11	home	10.3163
26	1	The	1.57593
26	2	child	9.32099
26	3	who	16.091
26	4	was	15.804
26	5	kicked	11.505
26	6	in	2.3734
26	7	the	2.09073
26	8	chaos	11.4311
26	9	found	16.5176
26	10	her	6.63149
26	11	way	6.83066
26	12	back	9.84477
26	13	home	4.90025
27	1	The	1.98388
27	2	child	10.4824
27	3	forgotten	12.5744
27	4	in	3.06799
27	5	the	2.15606
27	6	chaos	11.2993
27	7	found	15.5196
27	8	her	8.94975
27	9	way	6.78484
27	10	back	10.3199
27	11	home	7.6045
28	1	The	1.61558
28	2	child	9.63988
28	3	who	15.9984
28	4	was	6.40312
28	5	forgotten	8.59539
28	6	in	1.99721
28	7	the	2.00529
28	8	chaos	11.3803
28	9	found	22.3167
28	10	her	6.11598
28	11	way	8.24298
28	12	back	9.99089
28	13	home	4.82266
29	1	The	1.59601
29	2	horses	13.4228
29	3	UNK-LC-ed	6.78585
29	4	past	8.17938
29	5	the	4.52449
29	6	barn	9.02794
29	7	fell	13.5887
29	8	into	4.16044
29	9	a	1.93274
29	10	swamp	14.183
30	1	The	1.51726
30	2	horses	13.214
30	3	that	14.9224
30	4	were	8.71869
30	5	UNK-LC-ed	3.77282
30	6	past	8.56204
30	7	the	3.01957
30	8	barn	9.89867
30	9	fell	9.32587
30	10	into	3.07514
30	11	a	1.95049
30	12	swamp	13.93
31	1	The	1.6717
31	2	horses	13.5918
31	3	taken	10.8425
31	4	past	9.87326
31	5	the	3.18884
31	6	barn	9.00175
31	7	fell	14.8917
31	8	into	4.76847
31	9	a	1.69152
31	10	swamp	13.7888
32	1	The	1.77863
32	2	horses	13.6159
32	3	that	12.3318
32	4	were	5.95775
32	5	taken	5.26614
32	6	past	8.27428
32	7	the	7.02209
32	8	barn	9.93869
32	9	fell	14.6693
32	10	into	5.7176
32	11	a	2.11422
32	12	swamp	14.2033
33	1	The	1.76617
33	2	artist	9.8205
33	3	painted	10.3182
33	4	a	1.61419
33	5	impressionist	16.3326
33	6	portrait	11.2969
33	7	was	14.8156
33	8	impressed	11.9984
33	9	with	3.92674
33	10	the	1.83909
33	11	work	7.82865
34	1	The	1.6148
34	2	artist	9.71077
34	3	who	15.0807
34	4	was	6.52488
34	5	painted	7.34336
34	6	a	11.335
34	7	impressionist	15.2228
34	8	portrait	11.7774
34	9	was	14.7641
34	10	impressed	13.6112
34	11	with	3.51565
34	12	the	1.89144
34	13	work	7.65594
35	1	The	1.66563
35	2	artist	9.82814
35	3	drawn	11.4101
35	4	a	2.85818
35	5	impressionist	16.5355
35	6	portrait	11.5913
35	7	was	14.2995
35	8	impressed	10.1717
35	9	with	0.903175
35	10	the	1.57591
35	11	work	7.31791
36	1	The	1.69465
36	2	artist	9.46168
36	3	who	12.2872
36	4	was	15.5071
36	5	drawn	10.4068
36	6	a	4.3643
36	7	impressionist	16.021
36	8	portrait	11.7406
36	9	was	13.5039
36	10	impressed	8.86919
36	11	with	1.86894
36	12	the	1.62348
36	13	work	7.13952
37	1	The	1.55406
37	2	car	9.1168
37	3	steered	12.6929
37	4	into	8.45957
37	5	the	3.27227
37	6	parking	9.05074
37	7	lot	3.08658
37	8	crashed	14.9697
37	9	into	7.94367
37	10	a	2.11085
37	11	concrete	7.18007
37	12	wall	5.02832
38	1	The	2.00979
38	2	car	9.15982
38	3	that	16.233
38	4	was	4.72771
38	5	steered	11.2602
38	6	into	2.79562
38	7	the	1.60727
38	8	parking	7.66999
38	9	lot	3.79882
38	10	crashed	19.4243
38	11	into	5.70062
38	12	a	2.2128
38	13	concrete	7.59053
38	14	wall	5.64228
39	1	The	1.87579
39	2	car	9.2251
39	3	driven	12.2711
39	4	into	12.3223
39	5	the	1.82498
39	6	parking	9.86744
39	7	lot	2.99476
39	8	crashed	16.964
39	9	into	6.02541
39	10	a	1.85207
39	11	concrete	8.12547
39	12	wall	5.72109
40	1	The	1.74586
40	2	car	9.1168
40	3	that	13.7566
40	4	was	3.969
40	5	driven	7.24376
40	6	into	3.55237
40	7	the	1.52937
40	8	parking	7.68386
40	9	lot	3.63676
40	10	crashed	17.9437
40	11	into	6.97018
40	12	a	1.96438
40	13	concrete	7.9247
40	14	wall	5.59915
41	1	The	1.82783
41	2	campaign	7.40067
41	3	intended	9.09856
41	4	to	0.140789
41	5	be	2.60686
41	6	very	8.47523
41	7	popular	7.64463
41	8	was	14.8268
41	9	still	8.72383
41	10	unsuccessful	8.77606
42	1	The	1.55503
42	2	campaign	7.54112
42	3	that	12.8239
42	4	was	8.25777
42	5	intended	7.30221
42	6	to	0.395611
42	7	be	2.8501
42	8	very	9.0922
42	9	popular	8.06287
42	10	was	12.92
42	11	still	9.1272
42	12	unsuccessful	17.3952
43	1	The	2.33276
43	2	campaign	7.59395
43	3	known	10.9415
43	4	to	2.80503
43	5	be	2.13796
43	6	very	6.94347
43	7	popular	7.11111
43	8	was	13.3474
43	9	still	8.08199
43	10	unsuccessful	10.0569
44	1	The	1.71597
44	2	campaign	7.5355
44	3	that	13.0203
44	4	was	10.3632
44	5	known	7.42009
44	6	to	1.30504
44	7	be	2.37123
44	8	very	8.09249
44	9	popular	7.13157
44	10	was	15.3669
44	11	still	9.88426
44	12	unsuccessful	6.78697
45	1	The	1.35323
45	2	student	10.0543
45	3	composed	12.187
45	4	a	5.42091
45	5	carefully	8.51254
45	6	worded	9.10361
45	7	excuse	10.8118
45	8	forgot	17.6907
45	9	to	4.00192
45	10	give	14.0626
45	11	it	4.59029
45	12	to	3.05004
45	13	the	1.36767
45	14	teacher	11.5378
46	1	The	1.9853
46	2	student	9.95318
46	3	who	13.7478
46	4	was	3.76746
46	5	composed	7.23687
46	6	a	13.193
46	7	carefully	11.8996
46	8	worded	12.5896
46	9	excuse	12.3017
46	10	forgot	15.5127
46	11	to	2.61536
46	12	give	5.17062
46	13	it	2.35896
46	14	to	2.35365
46	15	the	1.49639
46	16	teacher	11.3649
47	1	The	2.55195
47	2	student	10.099
47	3	written	11.4655
47	4	a	2.45944
47	5	carefully	10.2723
47	6	worded	9.34723
47	7	excuse	10.4859
47	8	forgot	15.2609
47	9	to	2.87747
47	10	give	5.04932
47	11	it	2.11424
47	12	to	3.10235
47	13	the	1.56621
47	14	teacher	11.4573
48	1	The	1.6419
48	2	student	9.99009
48	3	who	3.62795
48	4	was	3.29744
48	5	written	6.05216
48	6	a	10.9088
48	7	carefully	9.82507
48	8	worded	16.5617
48	9	excuse	12.5364
48	10	forgot	17.6102
48	11	to	2.56787
48	12	give	5.6781
48	13	it	2.36954
48	14	to	3.02777
48	15	the	1.44519
48	16	teacher	11.3343
49	1	The	1.76609
49	2	television	9.21421
49	3	show	4.98166
49	4	started	5.92589
49	5	three	6.87693
49	6	weeks	4.8774
49	7	ago	6.50498
49	8	was	14.127
49	9	canceled	10.2729
49	10	immediately	14.6916
50	1	The	1.83345
50	2	television	8.89279
50	3	show	5.02765
50	4	that	14.8645
50	5	was	8.0595
50	6	started	8.32939
50	7	three	8.29155
50	8	weeks	3.08218
50	9	ago	8.77691
50	10	was	14.9894
50	11	canceled	7.64164
50	12	immediately	15.3424
51	1	The	1.64533
51	2	television	8.89279
51	3	show	5.03453
51	4	begun	13.4072
51	5	three	8.23308
51	6	weeks	3.8827
51	7	ago	6.03008
51	8	was	13.4683
51	9	canceled	8.85929
51	10	immediately	16.8625
52	1	The	1.72112
52	2	television	9.06719
52	3	show	4.83888
52	4	that	13.3958
52	5	was	4.64407
52	6	begun	8.88738
52	7	three	7.90231
52	8	weeks	2.88283
52	9	ago	6.05666
52	10	was	16.3957
52	11	canceled	13.1066
52	12	immediately	22.9984
53	1	The	1.72322
53	2	boys	9.74117
53	3	performed	9.23704
53	4	an	11.4511
53	5	unsolicited	12.3315
53	6	favor	11.936
53	7	appreciated	15.2044
53	8	the	15.2159
53	9	person	8.32616
53	10	who	8.93447
53	11	helped	11.2214
53	12	them	7.45926
54	1	The	1.85865
54	2	boys	9.97195
54	3	who	10.8912
54	4	were	4.57959
54	5	performed	9.54484
54	6	an	11.8177
54	7	unsolicited	11.8776
54	8	favor	13.3515
54	9	appreciated	15.1701
54	10	the	3.89453
54	11	person	8.50721
54	12	who	14.1623
54	13	helped	15.4202
54	14	them	6.31584
55	1	The	1.53563
55	2	boys	10.0356
55	3	done	9.81531
55	4	an	5.015
55	5	unsolicited	7.79112
55	6	favor	12.6222
55	7	appreciated	17.8712
55	8	the	3.0967
55	9	person	8.57946
55	10	who	13.445
55	11	helped	8.12347
55	12	them	4.8895
56	1	The	1.71337
56	2	boys	9.91841
56	3	who	9.96501
56	4	were	5.573
56	5	done	6.55732
56	6	an	11.2935
56	7	unsolicited	12.6078
56	8	favor	11.4154
56	9	appreciated	13.2259
56	10	the	5.13485
56	11	person	8.23668
56	12	who	12.2967
56	13	helped	8.3639
56	14	them	6.09777
57	1	The	1.77585
57	2	player	11.8159
57	3	tossed	11.3819
57	4	the	1.74406
57	5	baseball	7.31039
57	6	dropped	19.0835
57	7	it	10.9944
57	8	on	3.09994
57	9	the	1.35617
57	10	ground	6.165
58	1	The	1.60522
58	2	player	12.0024
58	3	who	16.3479
58	4	was	5.38905
58	5	tossed	7.79863
58	6	the	3.79423
58	7	baseball	7.65246
58	8	dropped	18.0078
58	9	it	10.3814
58	10	on	3.3248
58	11	the	1.47618
58	12	ground	5.9183
59	1	The	1.86087
59	2	player	12.0965
59	3	thrown	10.4266
59	4	the	2.57061
59	5	baseball	7.11849
59	6	dropped	18.6001
59	7	it	11.8495
59	8	on	2.74526
59	9	the	1.23967
59	10	ground	6.12163
60	1	The	1.84584
60	2	player	11.9808
60	3	who	15.6043
60	4	was	11.4092
60	5	thrown	9.7978
60	6	the	2.97625
60	7	baseball	7.26493
60	8	dropped	17.6545
60	9	it	11.2354
60	10	on	3.33561
60	11	the	1.44326
60	12	ground	5.80734
61	1	The	1.72438
61	2	child	9.74274
61	3	jumped	10.7882
61	4	past	10.2415
61	5	the	4.25304
61	6	swings	12.7466
61	7	was	12.7625
61	8	upset	9.10073
61	9	about	2.45323
61	10	it	4.98946
62	1	The	1.48152
62	2	child	9.51997
62	3	who	16.0834
62	4	was	13.5699
62	5	jumped	12.6787
62	6	past	9.22273
62	7	the	6.4068
62	8	swings	13.1886
62	9	was	3.21237
62	10	upset	7.4706
62	11	about	2.17005
62	12	it	6.46954
63	1	The	1.78578
63	2	child	9.24359
63	3	led	14.8863
63	4	past	10.3632
63	5	the	6.89808
63	6	swings	13.1561
63	7	was	6.66927
63	8	upset	9.19462
63	9	about	2.14483
63	10	it	6.60222
64	1	The	1.68772
64	2	child	10.1693
64	3	who	14.3606
64	4	was	13.159
64	5	led	8.33562
64	6	past	9.36627
64	7	the	7.27883
64	8	swings	12.7528
64	9	was	15.6558
64	10	upset	12.7097
64	11	about	6.21955
64	12	it	6.49243
65	1	The	1.41487
65	2	students	12.4259
65	3	prepared	11.49
65	4	a	6.49538
65	5	fancy	8.68436
65	6	dinner	10.0674
65	7	ate	16.9535
65	8	the	8.53085
65	9	meal	13.2206
65	10	quickly	13.6338
66	1	The	1.97096
66	2	students	12.1249
66	3	who	2.76904
66	4	were	3.42429
66	5	prepared	7.22036
66	6	a	9.67797
66	7	fancy	9.75347
66	8	dinner	13.5304
66	9	ate	13.7091
66	10	the	3.91783
66	11	meal	11.7831
66	12	quickly	7.40653
67	1	The	1.58979
67	2	students	12.2308
67	3	gotten	13.1215
67	4	a	3.00691
67	5	fancy	8.28736
67	6	dinner	10.3538
67	7	ate	15.6702
67	8	the	2.57832
67	9	meal	11.6937
67	10	quickly	12.5215
68	1	The	1.68481
68	2	students	12.3314
68	3	who	1.67058
68	4	were	3.35545
68	5	gotten	9.48966
68	6	a	2.96931
68	7	fancy	8.11078
68	8	dinner	10.1949
68	9	ate	11.7045
68	10	the	2.45637
68	11	meal	11.7928
68	12	quickly	7.7635
69	1	The	1.83375
69	2	infant	11.1606
69	3	fed	13.0931
69	4	during	15.8723
69	5	the	6.43578
69	6	night	4.85458
69	7	yelled	15.9429
69	8	intensely	14.337
70	1	The	1.49983
70	2	infant	11.1102
70	3	that	15.6735
70	4	was	10.9551
70	5	fed	10.3591
70	6	during	7.2348
70	7	the	0.92466
70	8	night	6.94635
70	9	yelled	15.7095
70	10	intensely	17.328
71	1	The	1.72533
71	2	infant	11.2181
71	3	aroused	12.4364
71	4	during	8.00627
71	5	the	1.08244
71	6	night	7.1846
71	7	yelled	14.9107
71	8	intensely	11.9449
72	1	The	1.7266
72	2	infant	10.9889
72	3	that	16.1367
72	4	was	3.26819
72	5	aroused	8.99868
72	6	during	5.81629
72	7	the	0.995565
72	8	night	7.64544
72	9	yelled	15.0711
72	10	intensely	12.2855
73	1	The	1.57676
73	2	refugee	10.9595
73	3	sheltered	15.9776
73	4	in	4.96393
73	5	the	1.64262
73	6	basement	9.8336
73	7	departed	10.8089
73	8	during	5.33377
73	9	the	1.01625
73	10	night	6.42203
74	1	The	1.85602
74	2	refugee	11.2646
74	3	who	14.3346
74	4	was	3.13612
74	5	sheltered	12.5857
74	6	in	1.78829
74	7	the	2.28338
74	8	basement	10.5249
74	9	departed	16.0444
74	10	during	5.15138
74	11	the	0.923025
74	12	night	6.6176
75	1	The	1.84489
75	2	refugee	11.1763
75	3	hidden	11.0283
75	4	in	13.898
75	5	the	11.437
75	6	basement	10.6241
75	7	departed	10.2277
75	8	during	6.58459
75	9	the	0.916751
75	10	night	6.48848
76	1	The	1.74648
76	2	refugee	11.1382
76	3	who	14.7133
76	4	was	4.23336
76	5	hidden	8.8672
76	6	in	2.1702
76	7	the	1.53204
76	8	basement	10.1691
76	9	departed	16.6069
76	10	during	5.67946
76	11	the	1.06196
76	12	night	7.06863
77	1	The	1.83375
77	2	dog	11.6277
77	3	walked	8.7893
77	4	on	2.73871
77	5	the	2.08744
77	6	beach	7.55138
77	7	UNK-LC-ed	12.4313
77	8	after	4.07592
77	9	a	3.10304
77	10	bird	11.892
78	1	The	1.98581
78	2	dog	11.5405
78	3	that	15.9759
78	4	was	7.47522
78	5	walked	11.9475
78	6	on	2.63495
78	7	the	1.20855
78	8	beach	7.97338
78	9	UNK-LC-ed	5.81044
78	10	after	4.29693
78	11	a	2.38798
78	12	bird	11.3462
79	1	The	1.66624
79	2	dog	11.6489
79	3	seen	11.7277
79	4	on	9.85322
79	5	the	2.30759
79	6	beach	9.33176
79	7	UNK-LC-ed	13.119
79	8	after	4.33854
79	9	a	2.49805
79	10	bird	11.7395
80	1	The	1.60675
80	2	dog	11.6464
80	3	that	15.5569
80	4	was	13.2232
80	5	seen	8.14439
80	6	on	4.24401
80	7	the	0.86779
80	8	beach	8.91607
80	9	UNK-LC-ed	5.69222
80	10	after	4.88525
80	11	a	3.21685
80	12	bird	11.7156
81	1	The	1.95453
81	2	ship	8.89298
81	3	steered	10.5885
81	4	off	4.71532
81	5	course	8.34028
81	6	sank	16.3514
81	7	in	5.42081
81	8	the	2.05664
81	9	storm	8.1224
82	1	The	2.25163
82	2	ship	8.79048
82	3	that	13.9963
82	4	was	4.16179
82	5	steered	10.4263
82	6	off	4.19474
82	7	course	11.6691
82	8	sank	16.2706
82	9	in	5.15751
82	10	the	1.93452
82	11	storm	7.71264
83	1	The	1.79269
83	2	ship	9.00307
83	3	blown	11.7739
83	4	off	3.09385
83	5	course	10.1976
83	6	sank	16.7941
83	7	in	3.24546
83	8	the	1.61902
83	9	storm	8.48594
84	1	The	1.47038
84	2	ship	8.95873
84	3	that	14.5419
84	4	was	3.87128
84	5	blown	10.1708
84	6	off	2.61249
84	7	course	12.5988
84	8	sank	16.4102
84	9	in	3.05478
84	10	the	1.49096
84	11	storm	8.28567
85	1	The	2.01415
85	2	fans	11.4601
85	3	cheered	11.2606
85	4	at	7.19777
85	5	the	1.55459
85	6	concert	10.7026
85	7	took	14.0863
85	8	photos	10.2568
85	9	with	5.20188
85	10	their	5.417
85	11	phones	8.00435
86	1	The	2.34184
86	2	fans	11.3971
86	3	that	11.1657
86	4	were	5.45361
86	5	cheered	7.58358
86	6	at	4.54669
86	7	the	2.45723
86	8	concert	11.2516
86	9	took	14.6469
86	10	photos	21.111
86	11	with	5.70046
86	12	their	5.22678
86	13	phones	8.28028
87	1	The	2.16328
87	2	fans	11.4295
87	3	UNK-LC-ed	5.95357
87	4	at	4.20533
87	5	the	1.21239
87	6	concert	10.7875
87	7	took	15.1091
87	8	photos	12.3985
87	9	with	4.49444
87	10	their	5.48804
87	11	phones	7.96404
88	1	The	1.43065
88	2	fans	11.4609
88	3	that	13.2098
88	4	were	11.9752
88	5	UNK-LC-ed	7.51806
88	6	at	3.40791
88	7	the	1.07674
88	8	concert	10.4824
88	9	took	14.5152
88	10	photos	14.8817
88	11	with	5.64945
88	12	their	5.39034
88	13	phones	7.92752
89	1	The	1.58637
89	2	boat	11.3212
89	3	steered	10.1069
89	4	to	3.09745
89	5	the	1.57203
89	6	sea	9.10492
89	7	disappeared	14.0593
89	8	in	2.68523
89	9	the	1.415
89	10	storm	8.42198
90	1	The	1.84532
90	2	boat	11.0421
90	3	that	10.5772
90	4	was	5.06322
90	5	steered	11.39
90	6	in	5.08009
90	7	the	2.01837
90	8	sea	8.10843
90	9	disappeared	14.1777
90	10	in	1.08897
90	11	the	1.23793
90	12	storm	8.57502
91	1	The	1.61453
91	2	boat	11.3971
91	3	sunk	16.6741
91	4	in	3.16067
91	5	the	2.0457
91	6	sea	8.40379
91	7	disappeared	14.798
91	8	in	1.12691
91	9	the	1.3252
91	10	storm	9.45541
92	1	The	1.86009
92	2	boat	11.3089
92	3	that	12.1332
92	4	was	12.6101
92	5	sunk	13.2455
92	6	in	1.79144
92	7	the	1.23348
92	8	sea	9.21979
92	9	disappeared	11.1358
92	10	in	2.31293
92	11	the	1.55713
92	12	storm	8.45625
93	1	The	2.11894
93	2	couple	9.51518
93	3	bought	11.4848
93	4	the	2.43035
93	5	apartment	11.821
93	6	moved	15.6625
93	7	to	2.87338
93	8	a	2.34098
93	9	different	8.46102
93	10	city	5.78103
94	1	The	2.1296
94	2	couple	9.49733
94	3	that	14.3767
94	4	was	4.69987
94	5	bought	8.12985
94	6	the	9.63557
94	7	apartment	12.7393
94	8	moved	13.9207
94	9	to	2.80935
94	10	a	2.17021
94	11	different	8.44111
94	12	city	6.02694
95	1	The	1.70024
95	2	couple	9.25441
95	3	shown	12.3911
95	4	the	3.81279
95	5	apartment	10.5739
95	6	moved	9.37497
95	7	to	2.17645
95	8	a	2.03201
95	9	different	6.8657
95	10	city	6.36623
96	1	The	2.1549
96	2	couple	9.49733
96	3	that	14.5884
96	4	was	9.06687
96	5	shown	8.77826
96	6	the	5.421
96	7	apartment	10.7785
96	8	moved	15.0232
96	9	to	1.62425
96	10	a	2.09093
96	11	different	6.84429
96	12	city	6.13658
97	1	The	1.56757
97	2	girl	10.9751
97	3	made	6.2981
97	4	a	1.97676
97	5	new	4.11576
97	6	blanket	12.0999
97	7	lost	10.9572
97	8	it	12.0635
97	9	during	7.87298
97	10	the	0.898446
97	11	trip	8.56864
98	1	The	1.38047
98	2	girl	11.392
98	3	who	2.74414
98	4	was	3.89445
98	5	made	6.42476
98	6	a	3.13785
98	7	new	3.28646
98	8	blanket	12.0404
98	9	lost	13.7195
98	10	it	13.1395
98	11	during	5.55774
98	12	the	1.04431
98	13	trip	8.70986
99	1	The	1.84797
99	2	girl	11.3169
99	3	given	10.1475
99	4	a	2.96121
99	5	new	3.94681
99	6	blanket	12.1804
99	7	lost	11.515
99	8	it	4.8343
99	9	during	5.94287
99	10	the	1.41686
99	11	trip	8.63994
100	1	The	1.57077
100	2	girl	11.1639
100	3	who	2.05101
100	4	was	3.9623
100	5	given	6.12497
100	6	a	2.4073
100	7	new	3.49816
100	8	blanket	12.0029
100	9	lost	11.4239
100	10	it	4.35154
100	11	during	5.9267
100	12	the	1.30822
100	13	trip	8.24768
101	1	The	2.54663
101	2	airplane	21.1104
101	3	landed	17.5127
101	4	in	8.18303
101	5	the	12.4915
101	6	mountains	12.9688
101	7	broke	9.57074
101	8	down	3.9507
101	9	during	6.66729
101	10	the	1.09722
101	11	ice	10.0979
101	12	storm	10.54
102	1	The	1.62563
102	2	airplane	21.6471
102	3	that	17.3532
102	4	was	2.7701
102	5	landed	11.2724
102	6	in	2.15326
102	7	the	2.29596
102	8	mountains	12.1224
102	9	broke	16.012
102	10	down	8.11781
103	1	The	1.50452
103	2	airplane	21.359
103	3	flown	15.5048
103	4	in	4.44185
103	5	the	2.11908
103	6	mountains	13.6465
103	7	broke	6.89413
103	8	down	2.80239
103	9	during	6.01033
103	10	the	1.06368
103	11	ice	10.2626
103	12	storm	10.8963
104	1	The	1.80964
104	2	airplane	21.5233
104	3	that	16.3263
104	4	was	4.42274
104	5	flown	10.395
104	6	in	2.24046
104	7	the	1.94348
104	8	mountains	11.7882
104	9	broke	17.4102
104	10	down	9.22668
104	11	during	5.93191
104	12	the	0.922672
104	13	ice	10.381
104	14	storm	10.9298
105	1	The	1.74014
105	2	child	10.8368
105	3	carried	9.44166
105	4	down	4.1792
105	5	the	1.97203
105	6	hall	8.53045
105	7	yelled	19.4879
105	8	at	3.79284
105	9	the	1.57768
105	10	top	5.13237
105	11	of	10.4473
105	12	his	8.98649
105	13	lungs	10.1783
106	1	The	1.5373
106	2	child	10.555
106	3	that	14.0892
106	4	was	8.10172
106	5	carried	7.6215
106	6	down	2.89366
106	7	the	9.20172
106	8	hall	11.9002
106	9	yelled	13.5665
106	10	at	5.15629
106	11	the	1.47178
106	12	top	4.99055
106	13	of	1.6221
106	14	his	2.87001
106	15	lungs	8.43184
107	1	The	1.77231
107	2	child	10.878
107	3	borne	14.8152
107	4	down	4.27043
107	5	the	1.83405
107	6	hall	9.08749
107	7	yelled	19.9854
107	8	at	6.09825
107	9	the	1.25098
107	10	top	5.91346
107	11	of	2.02636
107	12	his	3.07554
107	13	lungs	8.50765
108	1	The	1.98353
108	2	child	9.91705
108	3	that	7.53616
108	4	was	3.63995
108	5	borne	10.6512
108	6	down	2.4488
108	7	the	4.74878
108	8	hall	9.59595
108	9	yelled	19.0498
108	10	at	5.46321
108	11	the	1.11624
108	12	top	4.89917
108	13	of	1.11314
108	14	his	2.69946
108	15	lungs	8.31775
