sentence_id	token_id	token	surprisal
1	1	The	1.98042
1	2	woman	7.9424
1	3	brought	7.36796
1	4	the	3.86875
1	5	sandwich	9.78263
1	6	from	3.40486
1	7	the	1.19145
1	8	kitchen	6.49201
1	9	fell	14.6365
1	10	in	2.12196
1	11	the	1.06578
1	12	dining	7.40117
1	13	room	0.66308
2	1	The	1.90364
2	2	woman	8.6301
2	3	who	13.1294
2	4	was	3.07689
2	5	brought	5.59056
2	6	the	4.02506
2	7	sandwich	10.2565
2	8	from	3.56133
2	9	the	1.36941
2	10	kitchen	5.29222
2	11	fell	14.5444
2	12	in	3.56707
2	13	the	1.75574
2	14	dining	7.82434
2	15	room	0.709271
3	1	The	1.91955
3	2	woman	7.95274
3	3	given	7.75059
3	4	the	2.05324
3	5	sandwich	10.1026
3	6	from	5.05002
3	7	the	1.12544
3	8	kitchen	5.83042
3	9	fell	7.60972
3	10	in	2.74376
3	11	the	1.58929
3	12	dining	7.81
3	13	room	0.724879
4	1	The	2.00995
4	2	woman	8.61992
4	3	who	13.1519
4	4	was	3.07373
4	5	given	4.58229
4	6	the	2.16528
4	7	sandwich	10.5909
4	8	from	4.61459
4	9	the	1.27481
4	10	kitchen	7.4737
4	11	fell	14.2963
4	12	in	2.52621
4	13	the	0.98163
4	14	dining	7.04305
4	15	room	0.605622
5	1	The	1.90044
5	2	convict	13.117
5	3	walked	8.25553
5	4	into	2.10615
5	5	the	1.06525
5	6	dark	5.93883
5	7	cell	9.01406
5	8	tried	15.2171
5	9	to	0.428329
5	10	escape	4.93525
5	11	but	10.4801
5	12	failed	12.1169
6	1	The	1.97647
6	2	convict	13.107
6	3	who	13.1463
6	4	was	2.8013
6	5	walked	10.8088
6	6	into	1.90521
6	7	the	1.0949
6	8	dark	5.99913
6	9	cell	8.91567
6	10	tried	15.3522
6	11	to	1.82753
6	12	escape	5.26356
6	13	but	10.4966
6	14	failed	9.36465
7	1	The	1.92733
7	2	convict	13.127
7	3	taken	11.0118
7	4	into	5.37581
7	5	the	1.42649
7	6	dark	6.4801
7	7	cell	9.07637
7	8	tried	14.2961
7	9	to	2.24796
7	10	escape	5.24047
7	11	but	9.86416
7	12	failed	10.581
8	1	The	2.03049
8	2	convict	13.1474
8	3	who	12.7778
8	4	was	2.44429
8	5	taken	5.37353
8	6	into	2.77972
8	7	the	1.39934
8	8	dark	6.9647
8	9	cell	9.22341
8	10	tried	16.1527
8	11	to	0.560562
8	12	escape	5.15033
8	13	but	10.6484
8	14	failed	9.73568
9	1	The	1.82121
9	2	prisoners	11.8431
9	3	hit	7.49113
9	4	for	7.07152
9	5	hours	5.33399
9	6	and	5.16053
9	7	hours	1.75141
9	8	confessed	14.8526
9	9	to	1.23433
9	10	crimes	11.6273
9	11	they	5.48528
9	12	never	5.11175
9	13	committed	7.38378
10	1	The	1.94491
10	2	prisoners	11.832
10	3	who	14.2818
10	4	were	6.26232
10	5	hit	6.32505
10	6	for	4.86542
10	7	hours	4.99385
10	8	and	5.12342
10	9	hours	1.66537
10	10	confessed	16.3748
10	11	to	2.87598
10	12	crimes	6.98337
10	13	they	4.59165
10	14	never	5.39751
10	15	committed	7.34753
11	1	The	1.80332
11	2	prisoners	11.8635
11	3	beaten	11.014
11	4	for	6.55753
11	5	hours	5.80836
11	6	and	4.92448
11	7	hours	9.37894
11	8	confessed	12.8832
11	9	to	0.634763
11	10	crimes	7.21836
11	11	they	14.6444
11	12	never	6.71987
11	13	committed	6.96421
12	1	The	1.86249
12	2	prisoners	11.8331
12	3	who	14.1061
12	4	were	6.42096
12	5	beaten	5.95893
12	6	for	4.25076
12	7	hours	4.90532
12	8	and	4.05045
12	9	hours	1.75789
12	10	confessed	16.7441
12	11	to	0.284311
12	12	crimes	6.85253
12	13	they	4.16467
12	14	never	4.25893
12	15	committed	7.3431
13	1	The	2.14869
13	2	business	7.42223
13	3	expanded	8.07612
13	4	into	5.75878
13	5	an	4.06303
13	6	empire	5.95572
13	7	was	14.0101
13	8	sold	8.67642
13	9	for	2.76423
13	10	billions	9.24996
13	11	of	1.47263
13	12	dollars	0.167118
14	1	The	2.02916
14	2	business	7.73005
14	3	that	12.8153
14	4	was	4.15508
14	5	expanded	9.29643
14	6	into	5.69447
14	7	an	4.22269
14	8	empire	6.00894
14	9	was	10.7702
14	10	sold	3.3601
14	11	for	2.84308
14	12	billions	9.13315
14	13	of	5.91672
14	14	dollars	1.03787
15	1	The	1.90529
15	2	business	7.85498
15	3	grown	15.5141
15	4	into	4.66609
15	5	an	3.66678
15	6	empire	6.74656
15	7	was	11.381
15	8	sold	3.77105
15	9	for	2.78539
15	10	billions	8.86979
15	11	of	0.105683
15	12	dollars	0.0317773
16	1	The	1.71278
16	2	business	7.74965
16	3	that	4.61469
16	4	was	2.88427
16	5	grown	9.42642
16	6	into	4.56217
16	7	an	4.81463
16	8	empire	6.39072
16	9	was	2.11116
16	10	sold	5.52443
16	11	for	2.91687
16	12	billions	8.71056
16	13	of	6.20634
16	14	dollars	0.163659
17	1	The	2.15267
17	2	mice	12.4404
17	3	consumed	9.05034
17	4	rapidly	10.9264
17	5	and	4.46365
17	6	entirely	9.50368
17	7	were	6.15477
17	8	carrying	7.38904
17	9	a	2.30145
17	10	rare	6.08094
17	11	bacteria	7.69743
18	1	The	2.01978
18	2	mice	11.4117
18	3	that	9.74194
18	4	were	3.99288
18	5	consumed	7.20853
18	6	rapidly	9.16119
18	7	and	5.47563
18	8	entirely	8.65273
18	9	were	9.24514
18	10	carrying	8.15661
18	11	a	2.49597
18	12	rare	6.12951
18	13	bacteria	8.20896
19	1	The	1.89746
19	2	mice	11.4218
19	3	consumed	9.27307
19	4	rapidly	9.91008
19	5	and	8.07187
19	6	entirely	12.4486
19	7	were	15.5854
19	8	carrying	10.4667
19	9	a	5.16693
19	10	rare	7.77828
19	11	bacteria	6.45262
20	1	The	1.78961
20	2	mice	12.4811
20	3	that	2.64652
20	4	were	3.873
20	5	consumed	6.18068
20	6	rapidly	10.7659
20	7	and	5.62755
20	8	entirely	9.78875
20	9	were	4.53373
20	10	carrying	7.29275
20	11	a	2.21833
20	12	rare	6.06798
20	13	bacteria	8.17766
21	1	The	1.8329
21	2	lawyer	7.9532
21	3	pledged	14.9706
21	4	to	0.355217
21	5	keep	4.9212
21	6	silent	9.71407
21	7	was	3.50512
21	8	discovered	8.02199
21	9	to	1.43605
21	10	have	1.99523
21	11	broken	6.34691
21	12	his	3.49922
21	13	promise	7.57333
22	1	The	1.87009
22	2	lawyer	8.21972
22	3	that	12.7585
22	4	was	4.17876
22	5	pledged	10.1383
22	6	to	0.291743
22	7	keep	4.82159
22	8	silent	9.0342
22	9	was	10.0744
22	10	discovered	6.26243
22	11	to	3.17613
22	12	have	2.88644
22	13	broken	5.42347
22	14	his	4.11302
22	15	promise	7.59158
23	1	The	1.95751
23	2	lawyer	8.91246
23	3	committed	8.9391
23	4	to	2.17119
23	5	keep	12.1348
23	6	silent	9.43846
23	7	was	9.1495
23	8	discovered	8.27539
23	9	to	2.56931
23	10	have	2.89303
23	11	broken	5.37153
23	12	his	3.44025
23	13	promise	7.53024
24	1	The	1.98754
24	2	lawyer	8.20967
24	3	who	13.8298
24	4	was	7.05762
24	5	committed	7.62856
24	6	to	0.145533
24	7	keep	11.929
24	8	silent	13.6285
24	9	was	12.1699
24	10	discovered	8.72744
24	11	to	3.46599
24	12	have	2.89532
24	13	broken	5.65222
24	14	his	3.15095
24	15	promise	7.52971
25	1	The	1.96527
25	2	child	9.76752
25	3	kicked	9.76403
25	4	in	1.67611
25	5	the	2.33943
25	6	chaos	10.3534
25	7	found	13.8015
25	8	her	4.5718
25	9	way	5.60498
25	10	back	6.64666
25	11	home	7.75566
26	1	The	1.87951
26	2	child	9.74261
26	3	who	13.9559
26	4	was	3.50642
26	5	kicked	7.7203
26	6	in	1.91565
26	7	the	5.08374
26	8	chaos	11.0135
26	9	found	15.28
26	10	her	11.254
26	11	way	3.43812
26	12	back	6.2267
26	13	home	7.01689
27	1	The	1.92026
27	2	child	9.74744
27	3	forgotten	12.2559
27	4	in	3.36707
27	5	the	1.32414
27	6	chaos	7.9126
27	7	found	6.43963
27	8	her	8.50433
27	9	way	7.10862
27	10	back	5.63986
27	11	home	7.09533
28	1	The	2.0089
28	2	child	9.75743
28	3	who	13.9837
28	4	was	6.70681
28	5	forgotten	9.1072
28	6	in	2.32958
28	7	the	1.29711
28	8	chaos	9.32841
28	9	found	16.2704
28	10	her	8.76416
28	11	way	4.66292
28	12	back	5.80119
28	13	home	8.50641
29	1	The	1.97352
29	2	horses	12.2023
29	3	UNK-LC-ed	8.92825
29	4	past	7.80225
29	5	the	5.20082
29	6	barn	9.61198
29	7	fell	6.73478
29	8	into	3.7573
29	9	a	1.9089
29	10	swamp	9.31268
30	1	The	1.77973
30	2	horses	12.0683
30	3	that	9.06091
30	4	were	3.50637
30	5	UNK-LC-ed	7.14762
30	6	past	7.8345
30	7	the	1.59158
30	8	barn	8.92325
30	9	fell	13.1145
30	10	into	9.16358
30	11	a	1.63944
30	12	swamp	9.11834
31	1	The	1.87233
31	2	horses	12.0481
31	3	taken	9.42068
31	4	past	9.02805
31	5	the	1.10901
31	6	barn	8.54717
31	7	fell	12.4537
31	8	into	3.23037
31	9	a	1.84816
31	10	swamp	9.4016
32	1	The	1.81108
32	2	horses	12.0785
32	3	that	13.7027
32	4	were	4.64253
32	5	taken	6.25453
32	6	past	7.21278
32	7	the	1.29481
32	8	barn	9.96612
32	9	fell	13.6814
32	10	into	6.0592
32	11	a	2.89015
32	12	swamp	9.66457
33	1	The	1.87287
33	2	artist	10.146
33	3	painted	8.43268
33	4	a	1.35011
33	5	impressionist	12.4951
33	6	portrait	4.78018
33	7	was	10.2403
33	8	impressed	10.1549
33	9	with	1.05478
33	10	the	1.12089
33	11	work	7.57834
34	1	The	1.91452
34	2	artist	9.85873
34	3	who	3.94932
34	4	was	3.08237
34	5	painted	8.08903
34	6	a	4.25333
34	7	impressionist	11.8327
34	8	portrait	6.04264
34	9	was	12.1739
34	10	impressed	11.4538
34	11	with	1.6267
34	12	the	1.21909
34	13	work	7.57265
35	1	The	1.83159
35	2	artist	10.146
35	3	drawn	11.732
35	4	a	2.14121
35	5	impressionist	12.6998
35	6	portrait	5.60961
35	7	was	12.6817
35	8	impressed	7.85015
35	9	with	0.978474
35	10	the	1.15131
35	11	work	7.71611
36	1	The	1.68595
36	2	artist	10.3311
36	3	who	13.7387
36	4	was	2.9901
36	5	drawn	6.64126
36	6	a	4.84228
36	7	impressionist	13.2537
36	8	portrait	5.8619
36	9	was	13.2669
36	10	impressed	12.1341
36	11	with	0.678399
36	12	the	1.10912
36	13	work	7.92935
37	1	The	2.07621
37	2	car	7.83805
37	3	steered	13.3665
37	4	into	2.174
37	5	the	1.45978
37	6	parking	9.08867
37	7	lot	3.06595
37	8	crashed	17.3769
37	9	into	5.45656
37	10	a	2.19812
37	11	concrete	8.30817
37	12	wall	5.21495
38	1	The	1.87453
38	2	car	7.80715
38	3	that	13.4875
38	4	was	2.59498
38	5	steered	12.0034
38	6	into	1.6613
38	7	the	1.50403
38	8	parking	9.0202
38	9	lot	3.22619
38	10	crashed	17.5091
38	11	into	2.77232
38	12	a	2.33283
38	13	concrete	8.56589
38	14	wall	5.23687
39	1	The	1.96824
39	2	car	7.81736
39	3	driven	12.3161
39	4	into	3.21015
39	5	the	1.4958
39	6	parking	9.40237
39	7	lot	2.4935
39	8	crashed	15.788
39	9	into	3.8313
39	10	a	2.30568
39	11	concrete	8.13465
39	12	wall	5.0107
40	1	The	1.86451
40	2	car	7.797
40	3	that	12.8797
40	4	was	3.34418
40	5	driven	7.16512
40	6	into	3.3327
40	7	the	1.47451
40	8	parking	8.80762
40	9	lot	3.08294
40	10	crashed	17.5909
40	11	into	8.41983
40	12	a	2.49916
40	13	concrete	8.06501
40	14	wall	4.76012
41	1	The	1.94238
41	2	campaign	7.14527
41	3	intended	10.3075
41	4	to	0.100613
41	5	be	3.64885
41	6	very	5.45313
41	7	popular	4.20599
41	8	was	13.931
41	9	still	6.80621
41	10	unsuccessful	9.53594
42	1	The	1.90026
42	2	campaign	7.15532
42	3	that	13.4173
42	4	was	4.56974
42	5	intended	5.75063
42	6	to	0.172131
42	7	be	3.68594
42	8	very	6.14633
42	9	popular	4.35595
42	10	was	13.3242
42	11	still	7.09245
42	12	unsuccessful	8.73593
43	1	The	1.76811
43	2	campaign	7.14527
43	3	known	13.5248
43	4	to	3.70804
43	5	be	13.1149
43	6	very	7.60762
43	7	popular	4.6072
43	8	was	12.4325
43	9	still	5.46277
43	10	unsuccessful	8.53475
44	1	The	1.8458
44	2	campaign	7.16547
44	3	that	13.6616
44	4	was	2.32977
44	5	known	8.46481
44	6	to	2.11198
44	7	be	13.3733
44	8	very	7.85375
44	9	popular	4.79465
44	10	was	12.7953
44	11	still	6.94987
44	12	unsuccessful	11.5777
45	1	The	1.77575
45	2	student	9.27042
45	3	composed	11.7995
45	4	a	2.18945
45	5	carefully	9.78213
45	6	worded	4.42531
45	7	excuse	10.1941
45	8	forgot	17.0308
45	9	to	1.44339
45	10	give	5.03667
45	11	it	3.7105
45	12	to	3.82312
45	13	the	1.15268
45	14	teacher	8.68821
46	1	The	1.86071
46	2	student	9.25018
46	3	who	10.6463
46	4	was	2.73659
46	5	composed	10.4013
46	6	a	6.32909
46	7	carefully	9.74223
46	8	worded	4.43286
46	9	excuse	11.1262
46	10	forgot	14.4683
46	11	to	3.12957
46	12	give	12.3775
46	13	it	3.50649
46	14	to	2.23175
46	15	the	12.4479
46	16	teacher	10.8579
47	1	The	1.99672
47	2	student	9.25018
47	3	written	10.5082
47	4	a	1.84785
47	5	carefully	8.35824
47	6	worded	3.81509
47	7	excuse	10.5786
47	8	forgot	16.7076
47	9	to	3.16465
47	10	give	4.78193
47	11	it	3.41837
47	12	to	3.11512
47	13	the	1.23487
47	14	teacher	7.60897
48	1	The	1.82783
48	2	student	9.23664
48	3	who	3.51132
48	4	was	2.96235
48	5	written	7.66034
48	6	a	6.12798
48	7	carefully	8.71366
48	8	worded	4.47887
48	9	excuse	11.4992
48	10	forgot	9.74648
48	11	to	1.2402
48	12	give	4.76865
48	13	it	3.0762
48	14	to	2.2875
48	15	the	1.14341
48	16	teacher	8.54417
49	1	The	1.95136
49	2	television	8.69533
49	3	show	3.76272
49	4	started	6.34539
49	5	three	6.51412
49	6	weeks	6.90447
49	7	ago	3.68709
49	8	was	10.8791
49	9	canceled	7.21161
49	10	immediately	7.92099
50	1	The	1.98911
50	2	television	8.71535
50	3	show	3.74264
50	4	that	4.61971
50	5	was	13.3468
50	6	started	10.0756
50	7	three	7.1659
50	8	weeks	2.71975
50	9	ago	9.88009
50	10	was	1.51589
50	11	canceled	7.26183
50	12	immediately	7.01407
51	1	The	1.81658
51	2	television	8.5826
51	3	show	4.1465
51	4	begun	8.91692
51	5	three	7.31532
51	6	weeks	1.63396
51	7	ago	0.0389757
51	8	was	1.59639
51	9	canceled	6.33347
51	10	immediately	9.42009
52	1	The	1.93716
52	2	television	8.7052
52	3	show	3.76283
52	4	that	10.6675
52	5	was	3.14941
52	6	begun	8.44495
52	7	three	6.85515
52	8	weeks	1.64922
52	9	ago	0.188151
52	10	was	11.6314
52	11	canceled	8.18438
52	12	immediately	7.66578
53	1	The	1.91805
53	2	boys	9.97638
53	3	performed	11.4781
53	4	an	8.5749
53	5	unsolicited	8.6424
53	6	favor	10.6312
53	7	appreciated	11.6422
53	8	the	2.35101
53	9	person	9.22171
53	10	who	1.87241
53	11	helped	5.4293
53	12	them	3.88684
54	1	The	1.99786
54	2	boys	9.68682
54	3	who	4.64273
54	4	were	3.17559
54	5	performed	9.23205
54	6	an	8.07213
54	7	unsolicited	7.93417
54	8	favor	10.6422
54	9	appreciated	14.1456
54	10	the	2.17466
54	11	person	10.4937
54	12	who	13.9944
54	13	helped	14.2918
54	14	them	4.85743
55	1	The	1.76574
55	2	boys	9.6696
55	3	done	10.2882
55	4	an	4.71553
55	5	unsolicited	7.63818
55	6	favor	11.6643
55	7	appreciated	17.4042
55	8	the	4.34878
55	9	person	10.3799
55	10	who	13.291
55	11	helped	9.03739
55	12	them	4.54229
56	1	The	1.92118
56	2	boys	9.91008
56	3	who	12.8786
56	4	were	2.82155
56	5	done	8.84089
56	6	an	6.90275
56	7	unsolicited	8.04571
56	8	favor	10.434
56	9	appreciated	17.5144
56	10	the	4.39002
56	11	person	12.0661
56	12	who	10.2369
56	13	helped	7.01164
56	14	them	3.61491
57	1	The	1.82823
57	2	player	9.92355
57	3	tossed	13.3004
57	4	the	4.2851
57	5	baseball	7.66638
57	6	dropped	11.584
57	7	it	4.44355
57	8	on	4.24353
57	9	the	1.16048
57	10	ground	5.61888
58	1	The	2.03455
58	2	player	10.6772
58	3	who	14.0013
58	4	was	8.42937
58	5	tossed	8.45777
58	6	the	4.59243
58	7	baseball	7.88514
58	8	dropped	18.0375
58	9	it	9.58215
58	10	on	4.69683
58	11	the	1.03046
58	12	ground	4.62291
59	1	The	1.97485
59	2	player	10.7307
59	3	thrown	11.6828
59	4	the	2.39542
59	5	baseball	8.28137
59	6	dropped	18.416
59	7	it	10.3746
59	8	on	4.41606
59	9	the	1.13006
59	10	ground	6.24441
60	1	The	1.88083
60	2	player	10.7212
60	3	who	13.94
60	4	was	7.35364
60	5	thrown	6.91123
60	6	the	4.92373
60	7	baseball	8.6531
60	8	dropped	13.1119
60	9	it	7.58589
60	10	on	4.03166
60	11	the	1.19437
60	12	ground	4.27678
61	1	The	1.89324
61	2	child	9.7904
61	3	jumped	9.63638
61	4	past	7.88745
61	5	the	1.5427
61	6	swings	12.7814
61	7	was	13.9441
61	8	upset	8.80491
61	9	about	6.47673
61	10	it	5.48536
62	1	The	1.92707
62	2	child	9.75743
62	3	who	14.1024
62	4	was	6.64472
62	5	jumped	11.6195
62	6	past	7.89385
62	7	the	1.48058
62	8	swings	13.1405
62	9	was	14.2795
62	10	upset	8.15267
62	11	about	1.75452
62	12	it	5.83763
63	1	The	1.88662
63	2	child	9.76496
63	3	led	8.68478
63	4	past	9.54533
63	5	the	3.68024
63	6	swings	13.2033
63	7	was	14.4865
63	8	upset	9.93868
63	9	about	4.69276
63	10	it	5.12917
64	1	The	1.84471
64	2	child	9.75743
64	3	who	14.0414
64	4	was	6.61173
64	5	led	8.29106
64	6	past	10.6781
64	7	the	6.34088
64	8	swings	13.5332
64	9	was	9.20839
64	10	upset	9.82503
64	11	about	3.3861
64	12	it	5.49192
65	1	The	1.91284
65	2	students	8.01835
65	3	prepared	9.3129
65	4	a	2.2962
65	5	fancy	9.2045
65	6	dinner	5.95928
65	7	ate	14.7668
65	8	the	3.26479
65	9	meal	9.29721
65	10	quickly	10.7183
66	1	The	1.8823
66	2	students	8.48358
66	3	who	1.56799
66	4	were	3.66769
66	5	prepared	7.8507
66	6	a	5.59098
66	7	fancy	9.04402
66	8	dinner	5.70577
66	9	ate	14.7648
66	10	the	3.22673
66	11	meal	8.93367
66	12	quickly	8.60901
67	1	The	1.9382
67	2	students	8.47332
67	3	gotten	18.0495
67	4	a	3.36166
67	5	fancy	6.92646
67	6	dinner	6.52704
67	7	ate	8.68067
67	8	the	2.06554
67	9	meal	8.92103
67	10	quickly	8.60093
68	1	The	1.78718
68	2	students	8.03863
68	3	who	13.4837
68	4	were	7.69538
68	5	gotten	10.6756
68	6	a	2.76692
68	7	fancy	7.02446
68	8	dinner	6.22836
68	9	ate	15.7072
68	10	the	1.25713
68	11	meal	9.34432
68	12	quickly	10.0837
69	1	The	1.86787
69	2	infant	11.287
69	3	fed	12.1504
69	4	during	8.00475
69	5	the	0.861201
69	6	night	5.70992
69	7	yelled	15.6138
69	8	intensely	11.0353
70	1	The	1.75767
70	2	infant	11.277
70	3	that	14.4297
70	4	was	2.48768
70	5	fed	8.35852
70	6	during	6.20946
70	7	the	0.773173
70	8	night	6.19188
70	9	yelled	15.5116
70	10	intensely	11.4371
71	1	The	1.79705
71	2	infant	10.7977
71	3	aroused	13.8762
71	4	during	9.65962
71	5	the	0.562445
71	6	night	5.76172
71	7	yelled	10.6628
71	8	intensely	9.64549
72	1	The	2.04597
72	2	infant	11.2972
72	3	that	14.3692
72	4	was	8.1804
72	5	aroused	10.6055
72	6	during	5.02421
72	7	the	0.780605
72	8	night	6.07583
72	9	yelled	15.4946
72	10	intensely	15.4313
73	1	The	1.93464
73	2	refugee	12.3934
73	3	sheltered	13.8315
73	4	in	4.60198
73	5	the	1.27361
73	6	basement	7.43417
73	7	departed	15.0469
73	8	during	4.37745
73	9	the	0.722114
73	10	night	5.95912
74	1	The	1.98995
74	2	refugee	12.5188
74	3	who	15.7559
74	4	was	12.0258
74	5	sheltered	10.1664
74	6	in	2.51226
74	7	the	0.995155
74	8	basement	7.50097
74	9	departed	14.5645
74	10	during	8.76483
74	11	the	0.55777
74	12	night	6.28125
75	1	The	1.92909
75	2	refugee	12.1737
75	3	hidden	14.5503
75	4	in	12.025
75	5	the	6.97728
75	6	basement	8.87861
75	7	departed	10.3328
75	8	during	5.06829
75	9	the	0.686526
75	10	night	5.65155
76	1	The	1.83952
76	2	refugee	12.5188
76	3	who	3.92977
76	4	was	5.38381
76	5	hidden	9.61193
76	6	in	1.23836
76	7	the	1.07951
76	8	basement	7.978
76	9	departed	9.58915
76	10	during	5.2125
76	11	the	0.842448
76	12	night	5.78985
77	1	The	1.72303
77	2	dog	11.0786
77	3	walked	8.49907
77	4	on	3.68873
77	5	the	0.749943
77	6	beach	4.94281
77	7	UNK-LC-ed	11.7884
77	8	after	5.61068
77	9	a	1.89276
77	10	bird	8.04966
78	1	The	1.88002
78	2	dog	11.0003
78	3	that	10.7131
78	4	was	2.49023
78	5	walked	12.6353
78	6	on	3.30968
78	7	the	0.859713
78	8	beach	7.15879
78	9	UNK-LC-ed	9.46533
78	10	after	5.24185
78	11	a	2.18469
78	12	bird	7.5104
79	1	The	1.87267
79	2	dog	11.0585
79	3	seen	11.5678
79	4	on	6.80008
79	5	the	1.04051
79	6	beach	5.75547
79	7	UNK-LC-ed	11.2349
79	8	after	9.93147
79	9	a	1.42004
79	10	bird	8.38114
80	1	The	1.93018
80	2	dog	11.0584
80	3	that	9.07961
80	4	was	2.86369
80	5	seen	6.11492
80	6	on	5.00437
80	7	the	0.986647
80	8	beach	5.85054
80	9	UNK-LC-ed	10.4974
80	10	after	5.20817
80	11	a	1.53994
80	12	bird	8.15609
81	1	The	1.92215
81	2	ship	9.03673
81	3	steered	15.563
81	4	off	9.76861
81	5	course	10.7125
81	6	sank	16.7639
81	7	in	2.76243
81	8	the	1.18786
81	9	storm	8.51445
82	1	The	1.88355
82	2	ship	9.0569
82	3	that	10.6879
82	4	was	3.04736
82	5	steered	11.0712
82	6	off	4.31203
82	7	course	12.1409
82	8	sank	16.5387
82	9	in	2.17189
82	10	the	1.29921
82	11	storm	8.0261
83	1	The	1.85994
83	2	ship	9.51347
83	3	blown	13.0682
83	4	off	3.48756
83	5	course	11.9487
83	6	sank	13.3622
83	7	in	2.23509
83	8	the	1.50472
83	9	storm	7.70644
84	1	The	1.8667
84	2	ship	9.50346
84	3	that	9.94183
84	4	was	3.44018
84	5	blown	8.531
84	6	off	3.50234
84	7	course	9.30697
84	8	sank	16.9008
84	9	in	2.32703
84	10	the	1.39678
84	11	storm	7.61044
85	1	The	1.81433
85	2	fans	10.268
85	3	cheered	8.50599
85	4	at	4.8004
85	5	the	1.01333
85	6	concert	6.3874
85	7	took	17.5723
85	8	photos	13.0682
85	9	with	5.56677
85	10	their	3.96023
85	11	phones	9.92954
86	1	The	2.00167
86	2	fans	10.2879
86	3	that	11.7998
86	4	were	7.7687
86	5	cheered	9.01194
86	6	at	4.76682
86	7	the	0.996496
86	8	concert	7.99172
86	9	took	14.8492
86	10	photos	13.8997
86	11	with	6.15681
86	12	their	4.11629
86	13	phones	10.1007
87	1	The	1.83951
87	2	fans	10.278
87	3	UNK-LC-ed	8.4127
87	4	at	4.30972
87	5	the	1.07645
87	6	concert	6.55621
87	7	took	14.1161
87	8	photos	9.76972
87	9	with	4.42026
87	10	their	4.15419
87	11	phones	8.97106
88	1	The	1.90332
88	2	fans	10.3088
88	3	that	12.1177
88	4	were	3.37248
88	5	UNK-LC-ed	7.15103
88	6	at	3.91475
88	7	the	1.15206
88	8	concert	6.83688
88	9	took	16.8103
88	10	photos	9.20482
88	11	with	5.1594
88	12	their	3.83854
88	13	phones	8.82147
89	1	The	1.94842
89	2	boat	9.83342
89	3	steered	11.8278
89	4	to	2.61898
89	5	the	1.14321
89	6	sea	5.45811
89	7	disappeared	15.1063
89	8	in	3.59509
89	9	the	1.63914
89	10	storm	8.38033
90	1	The	1.9117
90	2	boat	10.8475
90	3	that	10.7313
90	4	was	3.55434
90	5	steered	11.0361
90	6	in	2.61932
90	7	the	1.39059
90	8	sea	7.40832
90	9	disappeared	15.6387
90	10	in	4.28987
90	11	the	1.6447
90	12	storm	8.15948
91	1	The	1.96073
91	2	boat	10.1059
91	3	sunk	11.2785
91	4	in	2.65217
91	5	the	1.61069
91	6	sea	7.1332
91	7	disappeared	14.6676
91	8	in	4.11198
91	9	the	1.61844
91	10	storm	8.4391
92	1	The	1.92381
92	2	boat	10.1457
92	3	that	10.4405
92	4	was	3.3581
92	5	sunk	9.91208
92	6	in	2.57159
92	7	the	1.54465
92	8	sea	6.7696
92	9	disappeared	15.1419
92	10	in	3.79356
92	11	the	20.2093
92	12	storm	7.69693
93	1	The	1.97404
93	2	couple	8.18324
93	3	bought	11.7377
93	4	the	4.50932
93	5	apartment	7.10679
93	6	moved	7.72115
93	7	to	1.74863
93	8	a	2.44902
93	9	different	7.00012
93	10	city	4.56613
94	1	The	1.89351
94	2	couple	8.55306
94	3	that	4.739
94	4	was	10.4975
94	5	bought	10.7957
94	6	the	3.73982
94	7	apartment	6.95411
94	8	moved	9.25329
94	9	to	1.66224
94	10	a	2.03214
94	11	different	6.60589
94	12	city	5.0322
95	1	The	1.90527
95	2	couple	8.55263
95	3	shown	9.55283
95	4	the	2.13529
95	5	apartment	11.3828
95	6	moved	15.0838
95	7	to	2.37554
95	8	a	2.49761
95	9	different	5.7034
95	10	city	4.92859
96	1	The	1.82385
96	2	couple	8.58319
96	3	that	10.2491
96	4	was	2.05179
96	5	shown	7.42674
96	6	the	4.8436
96	7	apartment	9.7647
96	8	moved	7.69617
96	9	to	1.6928
96	10	a	2.15553
96	11	different	6.52718
96	12	city	4.98265
97	1	The	1.88016
97	2	girl	10.3297
97	3	made	8.34832
97	4	a	4.84724
97	5	new	4.03739
97	6	blanket	8.92582
97	7	lost	7.72476
97	8	it	4.80525
97	9	during	5.01131
97	10	the	0.92544
97	11	trip	6.81883
98	1	The	1.89285
98	2	girl	10.7213
98	3	who	12.996
98	4	was	6.63026
98	5	made	6.16331
98	6	a	3.31125
98	7	new	4.34848
98	8	blanket	9.2131
98	9	lost	13.8776
98	10	it	7.90751
98	11	during	5.74689
98	12	the	0.869893
98	13	trip	6.58068
99	1	The	1.81033
99	2	girl	10.7388
99	3	given	11.4431
99	4	a	1.8387
99	5	new	4.36334
99	6	blanket	8.84255
99	7	lost	13.136
99	8	it	14.9613
99	9	during	6.36132
99	10	the	0.744823
99	11	trip	6.68247
100	1	The	1.77662
100	2	girl	10.3297
100	3	who	1.48144
100	4	was	2.91306
100	5	given	5.21818
100	6	a	1.72283
100	7	new	3.95909
100	8	blanket	8.62309
100	9	lost	9.50832
100	10	it	8.71985
100	11	during	5.29425
100	12	the	0.668821
100	13	trip	6.70686
101	1	The	2.07995
101	2	airplane	11.1052
101	3	landed	7.96828
101	4	in	1.55872
101	5	the	1.66977
101	6	mountains	6.71426
101	7	broke	11.2932
101	8	down	7.11492
101	9	during	9.14436
101	10	the	0.518983
101	11	ice	9.27379
101	12	storm	7.38703
102	1	The	1.85668
102	2	airplane	10.8907
102	3	that	12.9995
102	4	was	2.29603
102	5	landed	10.5763
102	6	in	1.03886
102	7	the	1.73786
102	8	mountains	6.23094
102	9	broke	12.6399
102	10	down	3.103
103	1	The	1.9225
103	2	airplane	12.5746
103	3	flown	12.4828
103	4	in	2.34996
103	5	the	1.32774
103	6	mountains	7.09222
103	7	broke	12.6302
103	8	down	3.08964
103	9	during	4.39534
103	10	the	0.545796
103	11	ice	10.3743
103	12	storm	7.25771
104	1	The	1.87454
104	2	airplane	11.1137
104	3	that	12.6244
104	4	was	2.35933
104	5	flown	8.59297
104	6	in	2.34658
104	7	the	1.85448
104	8	mountains	7.53586
104	9	broke	12.4141
104	10	down	2.92693
104	11	during	4.40739
104	12	the	0.717625
104	13	ice	10.5106
104	14	storm	7.81198
105	1	The	1.94385
105	2	child	9.75743
105	3	carried	8.53677
105	4	down	5.74822
105	5	the	0.924356
105	6	hall	5.31558
105	7	yelled	15.5562
105	8	at	5.37528
105	9	the	1.1784
105	10	top	6.06046
105	11	of	7.94983
105	12	his	3.33777
105	13	lungs	9.04992
106	1	The	1.81377
106	2	child	9.75758
106	3	that	11.4415
106	4	was	9.1346
106	5	carried	7.58145
106	6	down	5.13581
106	7	the	4.50981
106	8	hall	7.46786
106	9	yelled	15.8424
106	10	at	3.03269
106	11	the	1.28649
106	12	top	5.75861
106	13	of	7.14022
106	14	his	3.07562
106	15	lungs	7.6711
107	1	The	1.99735
107	2	child	9.53167
107	3	borne	14.8879
107	4	down	5.33447
107	5	the	0.551944
107	6	hall	5.42151
107	7	yelled	10.8941
107	8	at	3.48963
107	9	the	1.2112
107	10	top	5.60326
107	11	of	7.21215
107	12	his	3.21627
107	13	lungs	8.11165
108	1	The	1.84829
108	2	child	9.74744
108	3	that	5.76647
108	4	was	12.0628
108	5	borne	12.8073
108	6	down	4.89214
108	7	the	1.41692
108	8	hall	9.35153
108	9	yelled	12.2686
108	10	at	3.43145
108	11	the	1.21605
108	12	top	5.73277
108	13	of	0.622763
108	14	his	3.3905
108	15	lungs	8.23355
