sentence_id	token_id	token	surprisal
1	1	The	2.01226
1	2	woman	8.38802
1	3	brought	7.34116
1	4	the	2.24046
1	5	sandwich	9.99477
1	6	from	3.74472
1	7	the	1.38615
1	8	kitchen	5.209
1	9	fell	13.9436
1	10	in	2.89404
1	11	the	1.52563
1	12	dining	7.52063
1	13	room	0.730363
2	1	The	2.04394
2	2	woman	8.46838
2	3	who	3.51568
2	4	was	2.8921
2	5	brought	5.79152
2	6	the	4.18767
2	7	sandwich	10.2971
2	8	from	3.95453
2	9	the	1.17876
2	10	kitchen	5.36503
2	11	fell	8.0567
2	12	in	2.82166
2	13	the	1.74744
2	14	dining	7.81441
2	15	room	0.744122
3	1	The	1.88241
3	2	woman	8.38643
3	3	given	8.28286
3	4	the	2.0407
3	5	sandwich	10.1763
3	6	from	5.34589
3	7	the	1.21513
3	8	kitchen	5.9239
3	9	fell	7.66521
3	10	in	2.88761
3	11	the	1.7438
3	12	dining	7.80404
3	13	room	0.747315
4	1	The	2.00735
4	2	woman	8.49918
4	3	who	3.51565
4	4	was	2.91949
4	5	given	5.16478
4	6	the	1.90052
4	7	sandwich	10.4735
4	8	from	5.00341
4	9	the	1.13479
4	10	kitchen	6.03135
4	11	fell	7.57435
4	12	in	3.04818
4	13	the	1.89514
4	14	dining	7.92036
4	15	room	0.750253
5	1	The	1.91518
5	2	convict	13.0441
5	3	walked	8.4509
5	4	into	1.98793
5	5	the	1.04727
5	6	dark	6.08245
5	7	cell	9.08051
5	8	tried	15.4574
5	9	to	1.36888
5	10	escape	5.05435
5	11	but	5.43284
5	12	failed	5.79482
6	1	The	1.87949
6	2	convict	12.9828
6	3	who	13.3737
6	4	was	3.29901
6	5	walked	10.8745
6	6	into	2.04564
6	7	the	1.0303
6	8	dark	6.08614
6	9	cell	9.15035
6	10	tried	15.0993
6	11	to	1.28487
6	12	escape	5.18977
6	13	but	7.68105
6	14	failed	11.5347
7	1	The	1.86231
7	2	convict	12.9665
7	3	taken	11.2511
7	4	into	5.33177
7	5	the	1.40533
7	6	dark	6.67157
7	7	cell	9.13724
7	8	tried	14.246
7	9	to	1.88517
7	10	escape	5.23988
7	11	but	7.64578
7	12	failed	11.3192
8	1	The	1.95125
8	2	convict	12.9545
8	3	who	13.0457
8	4	was	3.31899
8	5	taken	5.63048
8	6	into	2.59387
8	7	the	1.43435
8	8	dark	7.09254
8	9	cell	9.30099
8	10	tried	14.383
8	11	to	1.18614
8	12	escape	5.08434
8	13	but	12.4329
8	14	failed	9.27772
9	1	The	1.99807
9	2	prisoners	11.8533
9	3	hit	8.07406
9	4	for	6.22654
9	5	hours	5.33209
9	6	and	4.73599
9	7	hours	2.40027
9	8	confessed	16.0266
9	9	to	2.44288
9	10	crimes	7.56438
9	11	they	5.39669
9	12	never	5.96358
9	13	committed	7.25836
10	1	The	1.85955
10	2	prisoners	11.8414
10	3	who	4.18135
10	4	were	3.23784
10	5	hit	6.92111
10	6	for	4.99844
10	7	hours	5.50054
10	8	and	3.41793
10	9	hours	3.25672
10	10	confessed	10.9792
10	11	to	0.998919
10	12	crimes	7.26691
10	13	they	11.5289
10	14	never	7.24475
10	15	committed	10.0906
11	1	The	1.92667
11	2	prisoners	11.8836
11	3	beaten	10.8978
11	4	for	7.38495
11	5	hours	7.12662
11	6	and	4.54411
11	7	hours	2.7298
11	8	confessed	12.5082
11	9	to	0.598515
11	10	crimes	7.44288
11	11	they	4.71589
11	12	never	5.18094
11	13	committed	7.33903
12	1	The	1.85379
12	2	prisoners	11.8562
12	3	who	4.18134
12	4	were	3.21951
12	5	beaten	6.94069
12	6	for	4.43465
12	7	hours	5.58362
12	8	and	4.69715
12	9	hours	2.33046
12	10	confessed	10.9013
12	11	to	0.774848
12	12	crimes	7.35885
12	13	they	15.0057
12	14	never	5.27757
12	15	committed	7.23564
13	1	The	1.91793
13	2	business	7.75808
13	3	expanded	8.28058
13	4	into	5.73991
13	5	an	4.0455
13	6	empire	5.86342
13	7	was	12.177
13	8	sold	3.52714
13	9	for	2.70091
13	10	billions	9.52102
13	11	of	1.02122
13	12	dollars	0.0281271
14	1	The	1.90596
14	2	business	7.73706
14	3	that	4.61835
14	4	was	2.89625
14	5	expanded	7.6768
14	6	into	4.9358
14	7	an	5.11707
14	8	empire	5.77425
14	9	was	2.51434
14	10	sold	4.93793
14	11	for	2.90928
14	12	billions	8.84402
14	13	of	0.264708
14	14	dollars	0.0338487
15	1	The	1.9994
15	2	business	7.76754
15	3	grown	14.1249
15	4	into	4.46479
15	5	an	5.10691
15	6	empire	6.24434
15	7	was	3.33733
15	8	sold	5.40655
15	9	for	2.70891
15	10	billions	8.73813
15	11	of	0.274033
15	12	dollars	0.0328516
16	1	The	1.83543
16	2	business	7.70756
16	3	that	13.6197
16	4	was	3.71735
16	5	grown	9.9366
16	6	into	5.68643
16	7	an	3.97457
16	8	empire	6.88556
16	9	was	11.35
16	10	sold	4.02984
16	11	for	2.89062
16	12	billions	8.51495
16	13	of	0.354863
16	14	dollars	0.0276183
17	1	The	1.90537
17	2	mice	11.5263
17	3	consumed	9.44055
17	4	rapidly	10.5789
17	5	and	4.07127
17	6	entirely	9.23886
17	7	were	7.45183
17	8	carrying	7.75531
17	9	a	2.47624
17	10	rare	6.47932
17	11	bacteria	7.82227
18	1	The	1.93798
18	2	mice	11.6634
18	3	that	4.65991
18	4	were	3.88993
18	5	consumed	6.0758
18	6	rapidly	10.7883
18	7	and	4.71794
18	8	entirely	9.78571
18	9	were	3.94206
18	10	carrying	7.6004
18	11	a	2.20928
18	12	rare	6.04051
18	13	bacteria	8.00713
19	1	The	1.96539
19	2	mice	11.6328
19	3	consumed	9.0938
19	4	rapidly	10.3645
19	5	and	3.91555
19	6	entirely	8.31358
19	7	were	7.75169
19	8	carrying	7.59058
19	9	a	2.6224
19	10	rare	6.56915
19	11	bacteria	8.04277
20	1	The	1.92308
20	2	mice	11.6519
20	3	that	4.66143
20	4	were	3.91115
20	5	consumed	6.16027
20	6	rapidly	11.3593
20	7	and	4.92673
20	8	entirely	9.24075
20	9	were	4.23394
20	10	carrying	7.12228
20	11	a	2.18968
20	12	rare	6.0642
20	13	bacteria	8.0825
21	1	The	1.93102
21	2	lawyer	8.32975
21	3	pledged	9.61639
21	4	to	0.461294
21	5	keep	4.9245
21	6	silent	8.55189
21	7	was	13.0708
21	8	discovered	8.69923
21	9	to	3.17912
21	10	have	3.25743
21	11	broken	5.89899
21	12	his	4.0457
21	13	promise	7.35785
22	1	The	1.98255
22	2	lawyer	8.24736
22	3	that	13.1964
22	4	was	5.18853
22	5	pledged	10.0028
22	6	to	0.332223
22	7	keep	4.91781
22	8	silent	8.57716
22	9	was	12.5601
22	10	discovered	7.77271
22	11	to	2.36008
22	12	have	2.77654
22	13	broken	5.82647
22	14	his	4.22365
22	15	promise	7.40442
23	1	The	1.83886
23	2	lawyer	8.22457
23	3	committed	10.5049
23	4	to	2.23793
23	5	keep	5.30177
23	6	silent	8.84826
23	7	was	10.665
23	8	discovered	8.41412
23	9	to	2.86692
23	10	have	3.40128
23	11	broken	5.54601
23	12	his	3.58327
23	13	promise	7.45021
24	1	The	1.90146
24	2	lawyer	8.30779
24	3	who	14.232
24	4	was	5.10483
24	5	committed	8.09786
24	6	to	0.177959
24	7	keep	6.65494
24	8	silent	9.01558
24	9	was	9.51951
24	10	discovered	7.92781
24	11	to	3.7801
24	12	have	3.25965
24	13	broken	5.48433
24	14	his	3.20242
24	15	promise	7.54074
25	1	The	1.82856
25	2	child	9.6465
25	3	kicked	10.5206
25	4	in	1.70944
25	5	the	2.12036
25	6	chaos	10.1302
25	7	found	6.56053
25	8	her	7.92185
25	9	way	6.07115
25	10	back	5.32599
25	11	home	7.17053
26	1	The	1.94181
26	2	child	9.62988
26	3	who	3.35733
26	4	was	3.43309
26	5	kicked	7.9344
26	6	in	1.79099
26	7	the	2.5245
26	8	chaos	10.5891
26	9	found	6.88032
26	10	her	3.91653
26	11	way	6.60445
26	12	back	6.13805
26	13	home	7.08299
27	1	The	1.91981
27	2	child	9.6274
27	3	forgotten	12.7967
27	4	in	3.37298
27	5	the	1.39472
27	6	chaos	8.95505
27	7	found	6.99916
27	8	her	8.55055
27	9	way	7.62041
27	10	back	5.90375
27	11	home	9.17044
28	1	The	1.81804
28	2	child	9.65564
28	3	who	14.0598
28	4	was	4.75384
28	5	forgotten	9.21595
28	6	in	2.74507
28	7	the	1.36888
28	8	chaos	8.52293
28	9	found	8.33064
28	10	her	8.34522
28	11	way	6.87052
28	12	back	5.87812
28	13	home	8.11152
29	1	The	1.82126
29	2	horses	12.1168
29	3	UNK-LC-ed	8.7243
29	4	past	7.84524
29	5	the	1.26173
29	6	barn	8.82181
29	7	fell	8.07258
29	8	into	3.57058
29	9	a	1.96337
29	10	swamp	9.22555
30	1	The	1.76454
30	2	horses	12.0406
30	3	that	3.00021
30	4	were	3.33424
30	5	UNK-LC-ed	6.39417
30	6	past	8.16886
30	7	the	1.44057
30	8	barn	8.96796
30	9	fell	6.41057
30	10	into	3.80078
30	11	a	1.92216
30	12	swamp	9.26331
31	1	The	1.88567
31	2	horses	12.0779
31	3	taken	7.93899
31	4	past	7.63485
31	5	the	1.13891
31	6	barn	8.59609
31	7	fell	7.05848
31	8	into	3.48519
31	9	a	2.02129
31	10	swamp	9.39921
32	1	The	1.90551
32	2	horses	12.1506
32	3	that	4.1045
32	4	were	3.39487
32	5	taken	5.13683
32	6	past	7.48381
32	7	the	1.2641
32	8	barn	8.70843
32	9	fell	6.51752
32	10	into	3.70046
32	11	a	1.94468
32	12	swamp	9.39221
33	1	The	1.88957
33	2	artist	10.0319
33	3	painted	8.97023
33	4	a	1.30774
33	5	impressionist	12.318
33	6	portrait	5.44347
33	7	was	11.2688
33	8	impressed	10.4884
33	9	with	1.22844
33	10	the	1.14545
33	11	work	7.76672
34	1	The	1.94077
34	2	artist	10.0821
34	3	who	12.5471
34	4	was	4.20346
34	5	painted	7.58891
34	6	a	4.54994
34	7	impressionist	12.9245
34	8	portrait	5.38425
34	9	was	11.5888
34	10	impressed	10.3697
34	11	with	1.55506
34	12	the	1.14092
34	13	work	7.63566
35	1	The	1.99503
35	2	artist	10.01
35	3	drawn	12.4418
35	4	a	2.05564
35	5	impressionist	12.7366
35	6	portrait	5.49893
35	7	was	11.3429
35	8	impressed	9.95782
35	9	with	1.20745
35	10	the	1.09942
35	11	work	7.68554
36	1	The	1.92247
36	2	artist	10.0502
36	3	who	4.6424
36	4	was	3.11697
36	5	drawn	6.89604
36	6	a	5.94959
36	7	impressionist	13.2175
36	8	portrait	5.82887
36	9	was	3.73573
36	10	impressed	7.66613
36	11	with	1.14551
36	12	the	1.04449
36	13	work	7.45898
37	1	The	1.89959
37	2	car	7.89754
37	3	steered	13.8239
37	4	into	2.42948
37	5	the	1.50859
37	6	parking	9.2804
37	7	lot	3.10492
37	8	crashed	12.5535
37	9	into	3.80041
37	10	a	1.98855
37	11	concrete	8.29713
37	12	wall	5.25538
38	1	The	1.86643
38	2	car	7.9085
38	3	that	4.61701
38	4	was	2.5113
38	5	steered	11.6412
38	6	into	1.55756
38	7	the	1.2866
38	8	parking	9.16608
38	9	lot	3.27929
38	10	crashed	10.7691
38	11	into	4.12514
38	12	a	1.98124
38	13	concrete	8.33131
38	14	wall	5.11543
39	1	The	1.90121
39	2	car	7.93601
39	3	driven	12.669
39	4	into	4.67469
39	5	the	1.4852
39	6	parking	9.03969
39	7	lot	2.8055
39	8	crashed	15.6265
39	9	into	4.3378
39	10	a	2.17837
39	11	concrete	8.26657
39	12	wall	4.98863
40	1	The	1.76245
40	2	car	7.9266
40	3	that	13.36
40	4	was	3.44778
40	5	driven	7.35194
40	6	into	3.91769
40	7	the	1.4227
40	8	parking	9.12762
40	9	lot	2.94288
40	10	crashed	17.3679
40	11	into	4.55211
40	12	a	2.11389
40	13	concrete	8.44372
40	14	wall	5.14292
41	1	The	2.05966
41	2	campaign	6.89289
41	3	intended	10.7354
41	4	to	0.139536
41	5	be	3.41557
41	6	very	5.46887
41	7	popular	4.35725
41	8	was	12.9386
41	9	still	6.95853
41	10	unsuccessful	8.35183
42	1	The	1.79676
42	2	campaign	6.8969
42	3	that	4.61685
42	4	was	2.66093
42	5	intended	5.8728
42	6	to	0.44268
42	7	be	3.36448
42	8	very	7.41831
42	9	popular	4.60097
42	10	was	2.46033
42	11	still	5.3741
42	12	unsuccessful	7.92737
43	1	The	1.9269
43	2	campaign	6.90633
43	3	known	10.0694
43	4	to	2.77221
43	5	be	0.969643
43	6	very	7.42007
43	7	popular	4.45553
43	8	was	2.70821
43	9	still	5.70403
43	10	unsuccessful	7.43899
44	1	The	1.82698
44	2	campaign	6.86716
44	3	that	4.61603
44	4	was	2.73943
44	5	known	6.69175
44	6	to	2.32012
44	7	be	0.835933
44	8	very	7.19271
44	9	popular	4.42825
44	10	was	2.24992
44	11	still	6.1474
44	12	unsuccessful	7.60303
45	1	The	1.89178
45	2	student	9.25752
45	3	composed	12.3583
45	4	a	2.16938
45	5	carefully	9.08738
45	6	worded	4.50816
45	7	excuse	10.2843
45	8	forgot	16.1419
45	9	to	2.00401
45	10	give	5.14427
45	11	it	3.73064
45	12	to	2.649
45	13	the	1.41195
45	14	teacher	7.78107
46	1	The	1.81661
46	2	student	9.31258
46	3	who	11.0218
46	4	was	3.39439
46	5	composed	10.3533
46	6	a	11.475
46	7	carefully	6.89536
46	8	worded	8.49745
46	9	excuse	12.4541
46	10	forgot	12.4427
46	11	to	2.78722
46	12	give	5.05415
46	13	it	3.39863
46	14	to	2.48515
46	15	the	1.30655
46	16	teacher	7.43327
47	1	The	1.90234
47	2	student	9.27887
47	3	written	10.9401
47	4	a	2.03922
47	5	carefully	9.56661
47	6	worded	3.92762
47	7	excuse	10.3972
47	8	forgot	15.7805
47	9	to	1.68364
47	10	give	5.009
47	11	it	3.54038
47	12	to	2.96307
47	13	the	1.74676
47	14	teacher	7.75492
48	1	The	1.8111
48	2	student	9.27426
48	3	who	4.60788
48	4	was	2.93226
48	5	written	7.57231
48	6	a	4.12206
48	7	carefully	9.40539
48	8	worded	4.56317
48	9	excuse	11.5148
48	10	forgot	9.70232
48	11	to	1.34141
48	12	give	4.78908
48	13	it	3.13165
48	14	to	2.49015
48	15	the	1.42885
48	16	teacher	7.56774
49	1	The	1.86662
49	2	television	8.7029
49	3	show	3.80885
49	4	started	6.53803
49	5	three	5.6647
49	6	weeks	2.05954
49	7	ago	0.579425
49	8	was	10.8183
49	9	canceled	7.38239
49	10	immediately	7.58879
50	1	The	1.92865
50	2	television	8.70005
50	3	show	3.83139
50	4	that	10.3162
50	5	was	3.37284
50	6	started	7.41637
50	7	three	7.14043
50	8	weeks	1.9568
50	9	ago	0.189892
50	10	was	12.4956
50	11	canceled	7.19634
50	12	immediately	9.29607
51	1	The	1.82183
51	2	television	8.71355
51	3	show	3.90874
51	4	begun	9.40288
51	5	three	6.43719
51	6	weeks	1.7947
51	7	ago	0.0797972
51	8	was	1.51978
51	9	canceled	6.40167
51	10	immediately	7.75717
52	1	The	1.83548
52	2	television	8.68234
52	3	show	3.88943
52	4	that	10.0531
52	5	was	3.01313
52	6	begun	7.81069
52	7	three	6.04583
52	8	weeks	1.60738
52	9	ago	0.155415
52	10	was	13.1311
52	11	canceled	8.15602
52	12	immediately	8.12263
53	1	The	1.99252
53	2	boys	9.84481
53	3	performed	8.32188
53	4	an	5.1057
53	5	unsolicited	7.6319
53	6	favor	11.2271
53	7	appreciated	15.712
53	8	the	5.62388
53	9	person	10.1463
53	10	who	1.87776
53	11	helped	5.32027
53	12	them	3.89866
54	1	The	1.83155
54	2	boys	9.8541
54	3	who	3.51272
54	4	were	3.20333
54	5	performed	9.15349
54	6	an	7.73856
54	7	unsolicited	8.36227
54	8	favor	10.6297
54	9	appreciated	11.9666
54	10	the	2.24784
54	11	person	9.55958
54	12	who	2.56655
54	13	helped	5.29005
54	14	them	3.7484
55	1	The	1.83575
55	2	boys	9.80788
55	3	done	10.3119
55	4	an	4.88183
55	5	unsolicited	7.65806
55	6	favor	11.4728
55	7	appreciated	17.7592
55	8	the	5.56178
55	9	person	10.2174
55	10	who	5.6501
55	11	helped	6.03696
55	12	them	3.29987
56	1	The	1.79476
56	2	boys	9.79657
56	3	who	3.22506
56	4	were	3.19626
56	5	done	8.92537
56	6	an	8.6578
56	7	unsolicited	8.30447
56	8	favor	10.1621
56	9	appreciated	12.3387
56	10	the	2.29432
56	11	person	9.53932
56	12	who	2.09265
56	13	helped	5.30941
56	14	them	3.90063
57	1	The	1.89569
57	2	player	10.4281
57	3	tossed	10.8771
57	4	the	2.30245
57	5	baseball	8.03935
57	6	dropped	18.2639
57	7	it	10.3438
57	8	on	3.91541
57	9	the	1.12223
57	10	ground	4.75131
58	1	The	1.96086
58	2	player	10.5447
58	3	who	4.64476
58	4	was	3.11683
58	5	tossed	7.95732
58	6	the	4.458
58	7	baseball	7.76883
58	8	dropped	16.4986
58	9	it	11.9681
58	10	on	4.56574
58	11	the	1.21945
58	12	ground	4.6924
59	1	The	1.95869
59	2	player	10.4991
59	3	thrown	11.9036
59	4	the	2.57338
59	5	baseball	8.31881
59	6	dropped	18.3122
59	7	it	8.07056
59	8	on	4.19725
59	9	the	1.0955
59	10	ground	4.68572
60	1	The	2.07082
60	2	player	10.4579
60	3	who	3.95144
60	4	was	3.13067
60	5	thrown	7.12114
60	6	the	5.00575
60	7	baseball	8.14925
60	8	dropped	12.7393
60	9	it	3.92912
60	10	on	4.17898
60	11	the	1.18135
60	12	ground	4.45215
61	1	The	2.02097
61	2	child	9.7028
61	3	jumped	9.33149
61	4	past	8.23799
61	5	the	1.75834
61	6	swings	13.2114
61	7	was	10.1394
61	8	upset	9.77942
61	9	about	2.71296
61	10	it	6.00805
62	1	The	1.97017
62	2	child	9.68185
62	3	who	14.1076
62	4	was	4.30106
62	5	jumped	12.1398
62	6	past	7.68251
62	7	the	1.49386
62	8	swings	12.917
62	9	was	8.84281
62	10	upset	8.60563
62	11	about	2.6056
62	12	it	6.20474
63	1	The	1.96753
63	2	child	9.67729
63	3	led	8.72027
63	4	past	9.41322
63	5	the	3.14706
63	6	swings	12.6743
63	7	was	13.7628
63	8	upset	10.6833
63	9	about	4.03013
63	10	it	6.04368
64	1	The	1.78894
64	2	child	9.68948
64	3	who	4.05046
64	4	was	3.43387
64	5	led	8.88384
64	6	past	10.6401
64	7	the	2.1154
64	8	swings	13.5953
64	9	was	2.45658
64	10	upset	7.48472
64	11	about	1.514
64	12	it	5.431
65	1	The	1.98456
65	2	students	8.16321
65	3	prepared	9.58486
65	4	a	2.20059
65	5	fancy	8.87841
65	6	dinner	6.0125
65	7	ate	16.5714
65	8	the	2.63659
65	9	meal	9.38289
65	10	quickly	9.53354
66	1	The	2.04753
66	2	students	8.14351
66	3	who	13.5935
66	4	were	4.88861
66	5	prepared	7.28165
66	6	a	6.51557
66	7	fancy	8.27435
66	8	dinner	5.67535
66	9	ate	17.4305
66	10	the	3.08866
66	11	meal	9.11009
66	12	quickly	10.5156
67	1	The	1.85487
67	2	students	8.17579
67	3	gotten	14.3313
67	4	a	2.41567
67	5	fancy	7.38514
67	6	dinner	6.46989
67	7	ate	12.3693
67	8	the	4.00433
67	9	meal	9.10516
67	10	quickly	8.29261
68	1	The	1.94177
68	2	students	8.24091
68	3	who	2.1276
68	4	were	3.65556
68	5	gotten	11.206
68	6	a	3.29685
68	7	fancy	7.16663
68	8	dinner	6.265
68	9	ate	9.00384
68	10	the	1.83152
68	11	meal	9.04378
68	12	quickly	8.441
69	1	The	1.78609
69	2	infant	11.1298
69	3	fed	12.2668
69	4	during	8.81726
69	5	the	0.89877
69	6	night	5.79899
69	7	yelled	13.9024
69	8	intensely	11.6461
70	1	The	1.86154
70	2	infant	11.1207
70	3	that	14.3281
70	4	was	3.28855
70	5	fed	8.44612
70	6	during	6.2166
70	7	the	0.770895
70	8	night	6.11608
70	9	yelled	13.3784
70	10	intensely	12.0669
71	1	The	1.79662
71	2	infant	11.1159
71	3	aroused	13.2634
71	4	during	10.736
71	5	the	0.577798
71	6	night	5.78669
71	7	yelled	10.9784
71	8	intensely	11.8346
72	1	The	1.92933
72	2	infant	11.1234
72	3	that	14.2222
72	4	was	3.49314
72	5	aroused	9.98671
72	6	during	4.95711
72	7	the	0.843872
72	8	night	6.09952
72	9	yelled	15.4314
72	10	intensely	13.9582
73	1	The	1.83239
73	2	refugee	12.4927
73	3	sheltered	13.3175
73	4	in	3.68083
73	5	the	1.1147
73	6	basement	8.28507
73	7	departed	11.3369
73	8	during	5.35191
73	9	the	0.897798
73	10	night	5.94558
74	1	The	1.90166
74	2	refugee	12.4179
74	3	who	15.1119
74	4	was	3.77566
74	5	sheltered	10.5011
74	6	in	2.25564
74	7	the	1.32489
74	8	basement	8.06626
74	9	departed	14.8768
74	10	during	5.55586
74	11	the	0.795292
74	12	night	6.14176
75	1	The	1.84039
75	2	refugee	12.4098
75	3	hidden	14.8375
75	4	in	5.06523
75	5	the	1.27069
75	6	basement	7.38525
75	7	departed	15.8847
75	8	during	6.52497
75	9	the	0.867217
75	10	night	5.78102
76	1	The	1.82494
76	2	refugee	12.455
76	3	who	4.62289
76	4	was	5.42184
76	5	hidden	9.61204
76	6	in	1.2067
76	7	the	1.07175
76	8	basement	7.65726
76	9	departed	10.0151
76	10	during	5.28487
76	11	the	0.902411
76	12	night	5.84403
77	1	The	2.06544
77	2	dog	11.0653
77	3	walked	8.81772
77	4	on	3.63915
77	5	the	1.03357
77	6	beach	5.31098
77	7	UNK-LC-ed	10.5766
77	8	after	5.89112
77	9	a	1.72477
77	10	bird	8.0708
78	1	The	1.91424
78	2	dog	11.0781
78	3	that	6.32748
78	4	was	3.07739
78	5	walked	9.85526
78	6	on	3.08696
78	7	the	0.941929
78	8	beach	5.14445
78	9	UNK-LC-ed	8.20841
78	10	after	6.24431
78	11	a	1.90884
78	12	bird	8.1673
79	1	The	1.86496
79	2	dog	11.0719
79	3	seen	11.5624
79	4	on	6.24402
79	5	the	1.02176
79	6	beach	5.65834
79	7	UNK-LC-ed	10.7977
79	8	after	6.25044
79	9	a	1.6973
79	10	bird	8.24019
80	1	The	1.75783
80	2	dog	11.1324
80	3	that	6.03808
80	4	was	3.12487
80	5	seen	6.12815
80	6	on	4.5246
80	7	the	0.986329
80	8	beach	5.71238
80	9	UNK-LC-ed	8.18187
80	10	after	6.74511
80	11	a	1.57253
80	12	bird	8.45406
81	1	The	1.92393
81	2	ship	9.42543
81	3	steered	12.1732
81	4	off	4.65056
81	5	course	9.70497
81	6	sank	14.5255
81	7	in	2.29941
81	8	the	1.42073
81	9	storm	8.5243
82	1	The	2.00684
82	2	ship	9.38555
82	3	that	12.5155
82	4	was	3.08308
82	5	steered	11.6984
82	6	off	4.73104
82	7	course	11.0057
82	8	sank	17.651
82	9	in	2.49672
82	10	the	1.18203
82	11	storm	8.10458
83	1	The	1.99104
83	2	ship	9.40601
83	3	blown	12.693
83	4	off	3.50567
83	5	course	9.46565
83	6	sank	10.1511
83	7	in	2.39556
83	8	the	1.525
83	9	storm	8.32225
84	1	The	1.88554
84	2	ship	9.35017
84	3	that	12.9629
84	4	was	3.70948
84	5	blown	8.47265
84	6	off	3.08296
84	7	course	10.4078
84	8	sank	17.6132
84	9	in	2.29511
84	10	the	1.23238
84	11	storm	7.73077
85	1	The	1.98666
85	2	fans	10.5224
85	3	cheered	8.88698
85	4	at	5.29927
85	5	the	1.29803
85	6	concert	6.67523
85	7	took	9.58223
85	8	photos	8.95488
85	9	with	3.81824
85	10	their	3.81304
85	11	phones	8.40558
86	1	The	1.94433
86	2	fans	10.4076
86	3	that	9.04127
86	4	were	3.51213
86	5	cheered	7.46479
86	6	at	5.03079
86	7	the	1.15833
86	8	concert	6.65671
86	9	took	7.02809
86	10	photos	8.98956
86	11	with	3.97146
86	12	their	3.98912
86	13	phones	8.59307
87	1	The	1.9201
87	2	fans	10.4045
87	3	UNK-LC-ed	8.63259
87	4	at	4.17436
87	5	the	1.07921
87	6	concert	6.9108
87	7	took	10.5429
87	8	photos	8.91023
87	9	with	3.73176
87	10	their	3.90658
87	11	phones	8.61465
88	1	The	1.8861
88	2	fans	10.456
88	3	that	7.89969
88	4	were	3.59417
88	5	UNK-LC-ed	6.93474
88	6	at	3.50761
88	7	the	0.938824
88	8	concert	7.0799
88	9	took	6.86782
88	10	photos	8.67907
88	11	with	4.14182
88	12	their	3.91801
88	13	phones	8.73313
89	1	The	1.91177
89	2	boat	10.1942
89	3	steered	11.8986
89	4	to	2.4575
89	5	the	1.15104
89	6	sea	5.8006
89	7	disappeared	13.2005
89	8	in	1.69338
89	9	the	1.57592
89	10	storm	8.18868
90	1	The	1.77871
90	2	boat	10.3097
90	3	that	9.36494
90	4	was	3.43305
90	5	steered	11.056
90	6	in	2.64553
90	7	the	1.64107
90	8	sea	7.18183
90	9	disappeared	15.4278
90	10	in	3.75328
90	11	the	1.23797
90	12	storm	8.38588
91	1	The	1.80336
91	2	boat	10.1931
91	3	sunk	11.3581
91	4	in	2.73636
91	5	the	1.66641
91	6	sea	6.86219
91	7	disappeared	14.9143
91	8	in	3.28223
91	9	the	1.4045
91	10	storm	7.80737
92	1	The	1.94222
92	2	boat	10.3466
92	3	that	13.0824
92	4	was	3.44323
92	5	sunk	10.2227
92	6	in	2.40612
92	7	the	1.4385
92	8	sea	6.62237
92	9	disappeared	15.012
92	10	in	2.95022
92	11	the	1.37919
92	12	storm	7.7945
93	1	The	1.92697
93	2	couple	8.4702
93	3	bought	6.97022
93	4	the	2.13917
93	5	apartment	7.34149
93	6	moved	9.33881
93	7	to	2.08074
93	8	a	2.40717
93	9	different	6.37975
93	10	city	4.52622
94	1	The	1.87224
94	2	couple	8.50622
94	3	that	6.88664
94	4	was	2.71443
94	5	bought	6.47355
94	6	the	6.56845
94	7	apartment	7.4856
94	8	moved	8.08961
94	9	to	1.45812
94	10	a	2.83186
94	11	different	5.97293
94	12	city	4.58571
95	1	The	1.9065
95	2	couple	8.5082
95	3	shown	9.1143
95	4	the	2.7053
95	5	apartment	10.427
95	6	moved	8.24267
95	7	to	1.84283
95	8	a	2.10229
95	9	different	5.99271
95	10	city	4.92879
96	1	The	1.86198
96	2	couple	8.52512
96	3	that	9.04761
96	4	was	2.27921
96	5	shown	7.16521
96	6	the	4.86508
96	7	apartment	10.0542
96	8	moved	8.28282
96	9	to	1.82323
96	10	a	2.43523
96	11	different	5.82145
96	12	city	4.84084
97	1	The	1.96945
97	2	girl	10.653
97	3	made	5.74972
97	4	a	1.27274
97	5	new	3.89037
97	6	blanket	8.41918
97	7	lost	10.7783
97	8	it	8.33436
97	9	during	4.99938
97	10	the	0.826819
97	11	trip	6.96564
98	1	The	1.88109
98	2	girl	10.6453
98	3	who	3.02591
98	4	was	2.96632
98	5	made	6.02273
98	6	a	4.2068
98	7	new	4.26595
98	8	blanket	9.00445
98	9	lost	8.45888
98	10	it	4.37602
98	11	during	5.14655
98	12	the	0.856124
98	13	trip	6.61969
99	1	The	1.84728
99	2	girl	10.6227
99	3	given	7.75049
99	4	a	1.97431
99	5	new	4.01
99	6	blanket	8.81643
99	7	lost	8.2837
99	8	it	5.28149
99	9	during	5.19385
99	10	the	0.853696
99	11	trip	6.78355
100	1	The	1.85721
100	2	girl	10.638
100	3	who	3.23135
100	4	was	2.83755
100	5	given	5.2401
100	6	a	1.67934
100	7	new	3.98601
100	8	blanket	8.7986
100	9	lost	8.23629
100	10	it	4.75168
100	11	during	5.19271
100	12	the	0.858696
100	13	trip	6.57
101	1	The	1.92822
101	2	airplane	11.3333
101	3	landed	8.37418
101	4	in	1.47458
101	5	the	1.71143
101	6	mountains	6.39588
101	7	broke	11.6839
101	8	down	3.364
101	9	during	4.53894
101	10	the	1.01083
101	11	ice	9.84167
101	12	storm	7.33763
102	1	The	1.90205
102	2	airplane	11.5404
102	3	that	4.61563
102	4	was	2.76274
102	5	landed	8.36699
102	6	in	1.03052
102	7	the	1.60642
102	8	mountains	6.85688
102	9	broke	7.33242
102	10	down	2.49471
103	1	The	1.90934
103	2	airplane	11.2617
103	3	flown	11.5633
103	4	in	3.23633
103	5	the	2.05326
103	6	mountains	7.70077
103	7	broke	12.381
103	8	down	3.79777
103	9	during	4.70723
103	10	the	0.930872
103	11	ice	9.85684
103	12	storm	7.12369
104	1	The	1.92708
104	2	airplane	11.4011
104	3	that	11.9943
104	4	was	3.1442
104	5	flown	7.54172
104	6	in	2.16831
104	7	the	1.88857
104	8	mountains	7.72345
104	9	broke	11.9524
104	10	down	3.08211
104	11	during	4.423
104	12	the	0.61517
104	13	ice	10.1935
104	14	storm	7.24252
105	1	The	1.9078
105	2	child	9.59511
105	3	carried	9.12904
105	4	down	5.79545
105	5	the	1.91312
105	6	hall	7.71341
105	7	yelled	13.5694
105	8	at	3.43708
105	9	the	1.23018
105	10	top	5.97075
105	11	of	2.29011
105	12	his	3.04497
105	13	lungs	7.87332
106	1	The	1.88494
106	2	child	9.6749
106	3	that	7.36474
106	4	was	3.41145
106	5	carried	6.89022
106	6	down	5.13755
106	7	the	2.3053
106	8	hall	5.24035
106	9	yelled	10.6322
106	10	at	3.7084
106	11	the	1.18768
106	12	top	5.76078
106	13	of	2.4908
106	14	his	3.12785
106	15	lungs	8.09063
107	1	The	2.02803
107	2	child	9.67684
107	3	borne	13.3258
107	4	down	5.18912
107	5	the	1.50416
107	6	hall	9.18833
107	7	yelled	14.8581
107	8	at	3.23355
107	9	the	1.14146
107	10	top	6.25943
107	11	of	1.39408
107	12	his	3.02654
107	13	lungs	8.23258
108	1	The	1.94999
108	2	child	9.66617
108	3	that	5.45808
108	4	was	3.31375
108	5	borne	10.2271
108	6	down	4.4939
108	7	the	3.69228
108	8	hall	5.86716
108	9	yelled	11.1035
108	10	at	3.61732
108	11	the	1.22785
108	12	top	5.62761
108	13	of	1.51863
108	14	his	2.92255
108	15	lungs	8.20235
