sentence_id	token_id	token	surprisal
1	1	The	1.96907
1	2	woman	8.10786
1	3	brought	7.49919
1	4	the	2.30123
1	5	sandwich	10.1096
1	6	from	4.01056
1	7	the	1.34826
1	8	kitchen	5.45745
1	9	fell	13.8485
1	10	in	2.85309
1	11	the	1.96492
1	12	dining	7.60214
1	13	room	0.688314
2	1	The	1.84799
2	2	woman	8.58257
2	3	who	3.00488
2	4	was	2.86826
2	5	brought	6.00748
2	6	the	3.68222
2	7	sandwich	10.1154
2	8	from	3.82824
2	9	the	1.16901
2	10	kitchen	5.31075
2	11	fell	7.93404
2	12	in	2.74975
2	13	the	1.71313
2	14	dining	7.84052
2	15	room	0.731211
3	1	The	1.83327
3	2	woman	8.50739
3	3	given	8.27354
3	4	the	2.0811
3	5	sandwich	10.15
3	6	from	4.94961
3	7	the	1.31312
3	8	kitchen	5.66811
3	9	fell	7.7599
3	10	in	2.83051
3	11	the	2.07496
3	12	dining	7.86631
3	13	room	0.736487
4	1	The	1.82654
4	2	woman	8.4197
4	3	who	2.66842
4	4	was	2.86026
4	5	given	5.12906
4	6	the	1.97015
4	7	sandwich	10.4961
4	8	from	4.76077
4	9	the	1.20174
4	10	kitchen	6.13327
4	11	fell	7.96248
4	12	in	2.99646
4	13	the	1.82203
4	14	dining	7.9132
4	15	room	0.729758
5	1	The	2.09749
5	2	convict	12.988
5	3	walked	8.83503
5	4	into	1.97291
5	5	the	1.06955
5	6	dark	6.03306
5	7	cell	8.94213
5	8	tried	15.3006
5	9	to	0.935389
5	10	escape	5.13528
5	11	but	12.5384
5	12	failed	9.26366
6	1	The	1.95137
6	2	convict	13.0805
6	3	who	3.51571
6	4	was	2.76781
6	5	walked	11.1808
6	6	into	2.20082
6	7	the	0.814598
6	8	dark	6.41476
6	9	cell	9.33916
6	10	tried	7.77461
6	11	to	0.317834
6	12	escape	5.28781
6	13	but	8.70948
6	14	failed	9.46712
7	1	The	2.08154
7	2	convict	12.9872
7	3	taken	11.1595
7	4	into	5.0603
7	5	the	1.35687
7	6	dark	6.87363
7	7	cell	9.08183
7	8	tried	14.6584
7	9	to	3.16593
7	10	escape	5.33257
7	11	but	7.29398
7	12	failed	5.79458
8	1	The	2.06208
8	2	convict	12.9706
8	3	who	13.486
8	4	was	3.51532
8	5	taken	5.78051
8	6	into	3.07827
8	7	the	1.32375
8	8	dark	7.19396
8	9	cell	9.42173
8	10	tried	16.6847
8	11	to	1.67985
8	12	escape	5.35291
8	13	but	9.20953
8	14	failed	10.5886
9	1	The	1.82837
9	2	prisoners	11.8295
9	3	hit	8.16421
9	4	for	5.85836
9	5	hours	5.87115
9	6	and	1.84483
9	7	hours	9.34451
9	8	confessed	12.6802
9	9	to	1.12819
9	10	crimes	7.1816
9	11	they	4.63781
9	12	never	4.67885
9	13	committed	7.34954
10	1	The	1.84704
10	2	prisoners	11.8341
10	3	who	14.0996
10	4	were	3.95309
10	5	hit	5.98027
10	6	for	4.90539
10	7	hours	5.19454
10	8	and	4.46632
10	9	hours	2.05048
10	10	confessed	16.0498
10	11	to	1.60634
10	12	crimes	6.99147
10	13	they	11.1523
10	14	never	5.7845
10	15	committed	7.52514
11	1	The	2.06019
11	2	prisoners	11.8241
11	3	beaten	11.0422
11	4	for	5.62684
11	5	hours	6.77219
11	6	and	3.49208
11	7	hours	3.03295
11	8	confessed	12.4471
11	9	to	0.470713
11	10	crimes	7.30124
11	11	they	15.1086
11	12	never	5.92116
11	13	committed	7.04026
12	1	The	2.04161
12	2	prisoners	11.8535
12	3	who	3.48822
12	4	were	3.27021
12	5	beaten	7.05304
12	6	for	4.18586
12	7	hours	5.54788
12	8	and	4.31733
12	9	hours	1.82106
12	10	confessed	10.8263
12	11	to	0.843615
12	12	crimes	7.32547
12	13	they	10.8931
12	14	never	6.52917
12	15	committed	7.72467
13	1	The	1.88714
13	2	business	7.75153
13	3	expanded	8.24888
13	4	into	5.44932
13	5	an	4.0561
13	6	empire	5.81748
13	7	was	10.7014
13	8	sold	4.01975
13	9	for	2.75743
13	10	billions	9.28731
13	11	of	0.516892
13	12	dollars	0.0266494
14	1	The	1.88132
14	2	business	7.75372
14	3	that	4.6175
14	4	was	2.88961
14	5	expanded	7.76363
14	6	into	5.07738
14	7	an	5.09993
14	8	empire	5.73768
14	9	was	2.31501
14	10	sold	5.14701
14	11	for	2.93093
14	12	billions	8.86105
14	13	of	0.33587
14	14	dollars	0.0427727
15	1	The	2.05126
15	2	business	7.77106
15	3	grown	11.4235
15	4	into	5.72122
15	5	an	5.30025
15	6	empire	6.10167
15	7	was	7.96583
15	8	sold	4.00749
15	9	for	2.97308
15	10	billions	8.50575
15	11	of	1.53062
15	12	dollars	0.0286469
16	1	The	2.08423
16	2	business	7.77722
16	3	that	3.93076
16	4	was	2.99051
16	5	grown	9.40627
16	6	into	4.64621
16	7	an	4.86426
16	8	empire	6.21768
16	9	was	11.4066
16	10	sold	4.14141
16	11	for	3.03071
16	12	billions	8.21471
16	13	of	0.8384
16	14	dollars	0.0439643
17	1	The	1.88047
17	2	mice	11.774
17	3	consumed	9.18063
17	4	rapidly	9.98082
17	5	and	5.1064
17	6	entirely	10.3
17	7	were	12.026
17	8	carrying	7.70035
17	9	a	2.46885
17	10	rare	6.43556
17	11	bacteria	7.71466
18	1	The	1.8406
18	2	mice	11.4605
18	3	that	13.1095
18	4	were	5.07838
18	5	consumed	6.75765
18	6	rapidly	9.22241
18	7	and	5.27443
18	8	entirely	9.00191
18	9	were	8.22516
18	10	carrying	8.11911
18	11	a	2.37616
18	12	rare	6.34824
18	13	bacteria	7.95183
19	1	The	1.94281
19	2	mice	11.5235
19	3	consumed	9.2777
19	4	rapidly	10.1292
19	5	and	6.38392
19	6	entirely	8.66699
19	7	were	7.56212
19	8	carrying	8.04465
19	9	a	2.47008
19	10	rare	6.40462
19	11	bacteria	7.99871
20	1	The	1.91986
20	2	mice	11.4052
20	3	that	13.7235
20	4	were	4.35167
20	5	consumed	6.56731
20	6	rapidly	9.15789
20	7	and	1.77006
20	8	entirely	8.54842
20	9	were	5.38738
20	10	carrying	7.73142
20	11	a	2.45711
20	12	rare	6.58051
20	13	bacteria	8.03788
21	1	The	1.90677
21	2	lawyer	8.168
21	3	pledged	10.1709
21	4	to	0.477932
21	5	keep	5.09472
21	6	silent	9.51639
21	7	was	12.6724
21	8	discovered	7.89209
21	9	to	2.78319
21	10	have	3.48811
21	11	broken	5.85273
21	12	his	3.75887
21	13	promise	7.37808
22	1	The	1.81562
22	2	lawyer	8.27308
22	3	that	13.1171
22	4	was	6.66613
22	5	pledged	9.80778
22	6	to	0.340283
22	7	keep	4.92895
22	8	silent	8.89461
22	9	was	9.84561
22	10	discovered	9.08544
22	11	to	6.38058
22	12	have	6.57954
22	13	broken	5.77762
22	14	his	4.15569
22	15	promise	7.49372
23	1	The	1.87969
23	2	lawyer	8.35058
23	3	committed	10.5575
23	4	to	1.99636
23	5	keep	5.73605
23	6	silent	13.4241
23	7	was	13.3245
23	8	discovered	8.08452
23	9	to	4.91729
23	10	have	13.2564
23	11	broken	8.54451
23	12	his	4.78234
23	13	promise	7.63954
24	1	The	1.94277
24	2	lawyer	8.33885
24	3	who	13.8656
24	4	was	4.48975
24	5	committed	8.02181
24	6	to	0.252684
24	7	keep	6.57179
24	8	silent	13.4092
24	9	was	12.929
24	10	discovered	9.59523
24	11	to	2.89942
24	12	have	3.58408
24	13	broken	5.61569
24	14	his	3.17404
24	15	promise	7.58449
25	1	The	1.94099
25	2	child	9.65386
25	3	kicked	9.96837
25	4	in	1.65868
25	5	the	2.2583
25	6	chaos	10.1511
25	7	found	7.5872
25	8	her	8.36039
25	9	way	5.93022
25	10	back	6.5694
25	11	home	6.58094
26	1	The	1.76787
26	2	child	9.62416
26	3	who	4.74356
26	4	was	3.39147
26	5	kicked	7.96386
26	6	in	1.84438
26	7	the	1.96562
26	8	chaos	10.5319
26	9	found	6.50363
26	10	her	3.98329
26	11	way	7.44027
26	12	back	6.31428
26	13	home	7.50548
27	1	The	1.95945
27	2	child	9.61544
27	3	forgotten	12.8427
27	4	in	3.36265
27	5	the	1.36505
27	6	chaos	8.29998
27	7	found	7.13268
27	8	her	10.0882
27	9	way	6.10923
27	10	back	7.59144
27	11	home	7.37604
28	1	The	1.94961
28	2	child	9.71667
28	3	who	14.1434
28	4	was	3.7022
28	5	forgotten	9.22058
28	6	in	2.42616
28	7	the	1.38123
28	8	chaos	8.2911
28	9	found	7.20779
28	10	her	7.39257
28	11	way	8.19415
28	12	back	12.5435
28	13	home	8.35385
29	1	The	1.86488
29	2	horses	12.0433
29	3	UNK-LC-ed	8.96268
29	4	past	7.90104
29	5	the	1.48957
29	6	barn	9.37991
29	7	fell	13.2294
29	8	into	4.69664
29	9	a	2.02495
29	10	swamp	9.28775
30	1	The	1.95521
30	2	horses	12.104
30	3	that	3.67066
30	4	were	3.43158
30	5	UNK-LC-ed	6.59391
30	6	past	8.09287
30	7	the	1.24659
30	8	barn	9.12117
30	9	fell	6.71618
30	10	into	4.01106
30	11	a	2.01821
30	12	swamp	9.19069
31	1	The	1.96122
31	2	horses	12.0694
31	3	taken	9.43335
31	4	past	9.65562
31	5	the	3.21199
31	6	barn	8.95323
31	7	fell	13.6694
31	8	into	5.4554
31	9	a	2.15919
31	10	swamp	9.49109
32	1	The	2.10359
32	2	horses	12.0717
32	3	that	3.68891
32	4	were	3.43676
32	5	taken	5.18105
32	6	past	7.42353
32	7	the	1.13285
32	8	barn	8.63534
32	9	fell	6.64988
32	10	into	3.82613
32	11	a	1.99737
32	12	swamp	9.239
33	1	The	1.99069
33	2	artist	10.037
33	3	painted	9.30703
33	4	a	1.48445
33	5	impressionist	12.2221
33	6	portrait	5.38037
33	7	was	10.1297
33	8	impressed	9.52161
33	9	with	1.5742
33	10	the	1.1612
33	11	work	7.62394
34	1	The	1.95388
34	2	artist	10.0318
34	3	who	13.7171
34	4	was	4.06028
34	5	painted	7.71383
34	6	a	7.61204
34	7	impressionist	12.6391
34	8	portrait	6.81214
34	9	was	1.55178
34	10	impressed	9.50325
34	11	with	1.21399
34	12	the	1.16128
34	13	work	7.6235
35	1	The	2.00464
35	2	artist	10.1644
35	3	drawn	12.0924
35	4	a	2.11971
35	5	impressionist	12.7331
35	6	portrait	5.72411
35	7	was	10.6104
35	8	impressed	11.5996
35	9	with	2.08264
35	10	the	1.03847
35	11	work	7.75841
36	1	The	2.02431
36	2	artist	10.0854
36	3	who	14.1017
36	4	was	4.02487
36	5	drawn	6.50566
36	6	a	5.41899
36	7	impressionist	13.3826
36	8	portrait	5.77707
36	9	was	12.7429
36	10	impressed	10.6653
36	11	with	1.06388
36	12	the	1.14518
36	13	work	7.57591
37	1	The	1.94386
37	2	car	7.85766
37	3	steered	13.5109
37	4	into	2.17124
37	5	the	1.46967
37	6	parking	9.33044
37	7	lot	3.0373
37	8	crashed	12.0611
37	9	into	4.01683
37	10	a	2.00326
37	11	concrete	8.23837
37	12	wall	5.32849
38	1	The	1.81754
38	2	car	7.89283
38	3	that	13.1403
38	4	was	2.65438
38	5	steered	11.9327
38	6	into	1.55902
38	7	the	1.54606
38	8	parking	9.15068
38	9	lot	3.16204
38	10	crashed	17.4443
38	11	into	3.49756
38	12	a	2.31954
38	13	concrete	8.54628
38	14	wall	5.20988
39	1	The	1.82003
39	2	car	7.91802
39	3	driven	12.5094
39	4	into	3.55468
39	5	the	1.36173
39	6	parking	9.07334
39	7	lot	2.92177
39	8	crashed	10.2976
39	9	into	3.99931
39	10	a	1.90912
39	11	concrete	8.31339
39	12	wall	5.01566
40	1	The	1.84908
40	2	car	7.86528
40	3	that	12.9541
40	4	was	2.43179
40	5	driven	6.97336
40	6	into	3.4051
40	7	the	1.37514
40	8	parking	9.15095
40	9	lot	2.63497
40	10	crashed	14.8819
40	11	into	4.96333
40	12	a	2.31592
40	13	concrete	8.25992
40	14	wall	5.0423
41	1	The	1.90133
41	2	campaign	6.79078
41	3	intended	10.9834
41	4	to	0.115282
41	5	be	3.6453
41	6	very	5.94893
41	7	popular	4.21344
41	8	was	13.1175
41	9	still	5.54848
41	10	unsuccessful	8.75792
42	1	The	2.14599
42	2	campaign	7.07088
42	3	that	3.51787
42	4	was	2.73102
42	5	intended	5.81918
42	6	to	0.3138
42	7	be	3.37619
42	8	very	7.14561
42	9	popular	4.48147
42	10	was	2.4763
42	11	still	6.1517
42	12	unsuccessful	7.65813
43	1	The	1.86637
43	2	campaign	6.95023
43	3	known	10.075
43	4	to	2.97674
43	5	be	1.428
43	6	very	6.73701
43	7	popular	4.58535
43	8	was	2.86068
43	9	still	5.70163
43	10	unsuccessful	7.51108
44	1	The	1.87675
44	2	campaign	7.00974
44	3	that	4.79194
44	4	was	2.76148
44	5	known	6.45967
44	6	to	2.34691
44	7	be	0.85724
44	8	very	6.53504
44	9	popular	4.61913
44	10	was	3.03303
44	11	still	6.05694
44	12	unsuccessful	7.74892
45	1	The	1.9252
45	2	student	9.28223
45	3	composed	12.2483
45	4	a	2.18925
45	5	carefully	9.08121
45	6	worded	4.77709
45	7	excuse	10.2952
45	8	forgot	16.056
45	9	to	2.7415
45	10	give	5.32676
45	11	it	3.60503
45	12	to	3.83799
45	13	the	1.14317
45	14	teacher	8.03188
46	1	The	1.93628
46	2	student	9.36168
46	3	who	7.51854
46	4	was	5.39904
46	5	composed	9.87248
46	6	a	5.14941
46	7	carefully	8.66221
46	8	worded	5.28628
46	9	excuse	10.4627
46	10	forgot	15.2888
46	11	to	2.31689
46	12	give	5.19454
46	13	it	3.52226
46	14	to	2.45408
46	15	the	1.28826
46	16	teacher	7.61891
47	1	The	1.95348
47	2	student	9.3377
47	3	written	11.0711
47	4	a	1.99558
47	5	carefully	8.76737
47	6	worded	3.88963
47	7	excuse	10.4874
47	8	forgot	16.5382
47	9	to	2.97049
47	10	give	8.7762
47	11	it	3.33067
47	12	to	3.0252
47	13	the	1.13749
47	14	teacher	7.65688
48	1	The	1.93845
48	2	student	9.32898
48	3	who	4.60807
48	4	was	2.92371
48	5	written	7.71531
48	6	a	4.8272
48	7	carefully	7.04613
48	8	worded	6.36441
48	9	excuse	11.5098
48	10	forgot	9.79138
48	11	to	1.204
48	12	give	4.76519
48	13	it	3.07251
48	14	to	3.5633
48	15	the	1.28771
48	16	teacher	7.76173
49	1	The	1.97585
49	2	television	8.71523
49	3	show	3.87341
49	4	started	6.43387
49	5	three	5.74566
49	6	weeks	1.84119
49	7	ago	0.554546
49	8	was	10.4638
49	9	canceled	7.33195
49	10	immediately	8.61896
50	1	The	1.86077
50	2	television	8.67706
50	3	show	3.92022
50	4	that	4.62546
50	5	was	2.66572
50	6	started	5.72198
50	7	three	5.96263
50	8	weeks	1.98124
50	9	ago	0.0390739
50	10	was	1.5799
50	11	canceled	6.49956
50	12	immediately	7.76551
51	1	The	1.88974
51	2	television	8.67257
51	3	show	3.78397
51	4	begun	11.6015
51	5	three	6.07534
51	6	weeks	1.96601
51	7	ago	0.413664
51	8	was	10.825
51	9	canceled	7.23626
51	10	immediately	7.89243
52	1	The	1.85936
52	2	television	8.67708
52	3	show	3.92043
52	4	that	11.9436
52	5	was	2.7682
52	6	begun	8.82189
52	7	three	6.16196
52	8	weeks	1.55938
52	9	ago	0.402817
52	10	was	10.4097
52	11	canceled	7.5786
52	12	immediately	8.52647
53	1	The	1.81004
53	2	boys	9.82531
53	3	performed	8.24339
53	4	an	5.33328
53	5	unsolicited	7.47387
53	6	favor	11.0982
53	7	appreciated	14.7102
53	8	the	4.98403
53	9	person	9.77254
53	10	who	2.07771
53	11	helped	5.37172
53	12	them	4.09296
54	1	The	1.97364
54	2	boys	9.72877
54	3	who	3.00194
54	4	were	3.20333
54	5	performed	9.18685
54	6	an	8.36194
54	7	unsolicited	8.60073
54	8	favor	10.778
54	9	appreciated	12.4271
54	10	the	2.31865
54	11	person	10.0938
54	12	who	13.3145
54	13	helped	5.74019
54	14	them	4.22262
55	1	The	1.97146
55	2	boys	9.81007
55	3	done	10.5459
55	4	an	4.96838
55	5	unsolicited	7.56967
55	6	favor	11.3829
55	7	appreciated	16.4556
55	8	the	4.72646
55	9	person	10.1363
55	10	who	5.65039
55	11	helped	5.99445
55	12	them	3.50661
56	1	The	1.86231
56	2	boys	9.95055
56	3	who	2.41416
56	4	were	3.17539
56	5	done	8.943
56	6	an	7.6658
56	7	unsolicited	8.03962
56	8	favor	10.5037
56	9	appreciated	13.8523
56	10	the	2.20715
56	11	person	9.3441
56	12	who	2.45101
56	13	helped	5.31803
56	14	them	3.90704
57	1	The	2.04768
57	2	player	10.5277
57	3	tossed	10.8281
57	4	the	2.41056
57	5	baseball	8.02232
57	6	dropped	18.2961
57	7	it	10.0629
57	8	on	4.29725
57	9	the	1.1783
57	10	ground	4.87665
58	1	The	1.88062
58	2	player	10.621
58	3	who	3.26718
58	4	was	3.10198
58	5	tossed	8.0396
58	6	the	4.45008
58	7	baseball	7.97004
58	8	dropped	12.646
58	9	it	3.8501
58	10	on	4.44155
58	11	the	1.16558
58	12	ground	4.52226
59	1	The	1.89069
59	2	player	10.2395
59	3	thrown	12.2067
59	4	the	2.13225
59	5	baseball	8.40431
59	6	dropped	18.5164
59	7	it	8.24859
59	8	on	4.3194
59	9	the	1.18149
59	10	ground	4.44907
60	1	The	2.01518
60	2	player	10.4567
60	3	who	4.6447
60	4	was	3.10586
60	5	thrown	7.08052
60	6	the	12.973
60	7	baseball	11.8475
60	8	dropped	9.56286
60	9	it	4.16916
60	10	on	4.39213
60	11	the	1.18081
60	12	ground	4.58187
61	1	The	1.86041
61	2	child	9.71547
61	3	jumped	9.303
61	4	past	8.29517
61	5	the	1.78012
61	6	swings	13.1782
61	7	was	13.8186
61	8	upset	10.6716
61	9	about	4.10516
61	10	it	5.97453
62	1	The	1.89259
62	2	child	9.65882
62	3	who	14.2035
62	4	was	5.73144
62	5	jumped	12.4539
62	6	past	7.73892
62	7	the	1.72205
62	8	swings	13.0373
62	9	was	13.5435
62	10	upset	10.6102
62	11	about	3.2236
62	12	it	5.4098
63	1	The	1.877
63	2	child	9.61002
63	3	led	8.86132
63	4	past	9.44824
63	5	the	8.90898
63	6	swings	11.0292
63	7	was	13.9223
63	8	upset	10.5618
63	9	about	3.67558
63	10	it	5.81635
64	1	The	1.84928
64	2	child	9.6334
64	3	who	4.74356
64	4	was	3.43756
64	5	led	8.81953
64	6	past	11.1986
64	7	the	1.50222
64	8	swings	13.6144
64	9	was	2.52954
64	10	upset	7.4281
64	11	about	1.57839
64	12	it	5.61049
65	1	The	2.13696
65	2	students	8.33832
65	3	prepared	9.45412
65	4	a	2.33659
65	5	fancy	8.77235
65	6	dinner	5.9876
65	7	ate	14.8629
65	8	the	3.1125
65	9	meal	9.16442
65	10	quickly	8.93718
66	1	The	1.97177
66	2	students	8.19741
66	3	who	2.82073
66	4	were	3.64262
66	5	prepared	7.8349
66	6	a	5.15007
66	7	fancy	9.4304
66	8	dinner	5.6838
66	9	ate	15.0306
66	10	the	3.24878
66	11	meal	9.04521
66	12	quickly	7.34465
67	1	The	1.84474
67	2	students	8.25482
67	3	gotten	14.5885
67	4	a	2.27598
67	5	fancy	7.59843
67	6	dinner	6.38008
67	7	ate	14.9251
67	8	the	3.27202
67	9	meal	9.01842
67	10	quickly	8.89924
68	1	The	1.87256
68	2	students	8.14986
68	3	who	3.22618
68	4	were	3.62446
68	5	gotten	11.1507
68	6	a	3.1481
68	7	fancy	7.26242
68	8	dinner	6.29536
68	9	ate	9.29719
68	10	the	1.90457
68	11	meal	9.17575
68	12	quickly	7.78305
69	1	The	1.8766
69	2	infant	11.1053
69	3	fed	12.175
69	4	during	12.845
69	5	the	2.96525
69	6	night	6.51088
69	7	yelled	14.8487
69	8	intensely	11.5039
70	1	The	1.83295
70	2	infant	11.1112
70	3	that	8.73913
70	4	was	3.18164
70	5	fed	7.41428
70	6	during	6.26462
70	7	the	0.53739
70	8	night	5.95158
70	9	yelled	10.6073
70	10	intensely	10.1459
71	1	The	1.82475
71	2	infant	11.1999
71	3	aroused	13.3971
71	4	during	15.9441
71	5	the	2.64778
71	6	night	5.67929
71	7	yelled	15.2719
71	8	intensely	11.198
72	1	The	1.90713
72	2	infant	10.9993
72	3	that	14.2028
72	4	was	4.41538
72	5	aroused	9.66239
72	6	during	5.04528
72	7	the	0.740547
72	8	night	6.02782
72	9	yelled	15.5356
72	10	intensely	13.4174
73	1	The	2.04229
73	2	refugee	12.3688
73	3	sheltered	13.1825
73	4	in	5.7379
73	5	the	1.67804
73	6	basement	7.69751
73	7	departed	15.7547
73	8	during	6.95423
73	9	the	0.942069
73	10	night	5.83254
74	1	The	2.09968
74	2	refugee	12.4227
74	3	who	14.9303
74	4	was	3.56035
74	5	sheltered	10.7445
74	6	in	2.27151
74	7	the	1.34823
74	8	basement	7.90204
74	9	departed	15.1716
74	10	during	7.80836
74	11	the	0.784188
74	12	night	6.16402
75	1	The	1.88201
75	2	refugee	12.3988
75	3	hidden	14.7116
75	4	in	3.46871
75	5	the	1.28704
75	6	basement	7.39342
75	7	departed	14.9513
75	8	during	5.73576
75	9	the	0.727543
75	10	night	5.89692
76	1	The	1.88693
76	2	refugee	12.416
76	3	who	15.1292
76	4	was	4.2017
76	5	hidden	9.8721
76	6	in	1.35046
76	7	the	1.29649
76	8	basement	7.52945
76	9	departed	14.7555
76	10	during	5.2819
76	11	the	0.726872
76	12	night	5.9917
77	1	The	1.82473
77	2	dog	11.0758
77	3	walked	9.07767
77	4	on	3.53789
77	5	the	1.14632
77	6	beach	5.30311
77	7	UNK-LC-ed	11.5825
77	8	after	4.9357
77	9	a	1.71073
77	10	bird	8.40217
78	1	The	1.8594
78	2	dog	11.0683
78	3	that	7.11281
78	4	was	3.26786
78	5	walked	10.2436
78	6	on	3.13027
78	7	the	0.818586
78	8	beach	5.05255
78	9	UNK-LC-ed	9.16258
78	10	after	6.44106
78	11	a	1.54761
78	12	bird	8.46321
79	1	The	1.86381
79	2	dog	11.0591
79	3	seen	11.682
79	4	on	6.48353
79	5	the	1.23776
79	6	beach	6.01236
79	7	UNK-LC-ed	11.6051
79	8	after	6.07438
79	9	a	2.19489
79	10	bird	8.58762
80	1	The	2.0556
80	2	dog	11.0747
80	3	that	10.3732
80	4	was	2.76036
80	5	seen	5.3851
80	6	on	5.02684
80	7	the	0.997141
80	8	beach	6.21719
80	9	UNK-LC-ed	12.1586
80	10	after	4.69608
80	11	a	1.87043
80	12	bird	8.48699
81	1	The	1.73955
81	2	ship	9.3964
81	3	steered	12.1751
81	4	off	4.47423
81	5	course	9.24402
81	6	sank	16.7588
81	7	in	2.67665
81	8	the	1.27933
81	9	storm	8.18967
82	1	The	1.83863
82	2	ship	9.35832
82	3	that	12.6817
82	4	was	4.14851
82	5	steered	11.2683
82	6	off	5.51986
82	7	course	9.77426
82	8	sank	17.088
82	9	in	3.01427
82	10	the	1.53037
82	11	storm	8.4217
83	1	The	1.92895
83	2	ship	9.3956
83	3	blown	13.0224
83	4	off	3.43947
83	5	course	8.91183
83	6	sank	12.8433
83	7	in	2.59363
83	8	the	1.66283
83	9	storm	8.1887
84	1	The	1.89001
84	2	ship	9.47245
84	3	that	13.0809
84	4	was	3.13143
84	5	blown	8.90451
84	6	off	3.42765
84	7	course	10.2878
84	8	sank	17.4255
84	9	in	2.38536
84	10	the	1.46997
84	11	storm	8.17265
85	1	The	1.80622
85	2	fans	10.3801
85	3	cheered	8.65748
85	4	at	4.93244
85	5	the	1.13539
85	6	concert	6.75259
85	7	took	11.589
85	8	photos	9.33035
85	9	with	3.53486
85	10	their	3.96888
85	11	phones	9.09554
86	1	The	1.79821
86	2	fans	10.5145
86	3	that	8.32925
86	4	were	3.14038
86	5	cheered	8.53388
86	6	at	4.87231
86	7	the	1.22736
86	8	concert	6.87749
86	9	took	15.4976
86	10	photos	9.74598
86	11	with	3.60405
86	12	their	3.81166
86	13	phones	8.36772
87	1	The	1.88325
87	2	fans	10.6129
87	3	UNK-LC-ed	8.72911
87	4	at	4.33464
87	5	the	1.1095
87	6	concert	6.96165
87	7	took	16.6713
87	8	photos	10.3422
87	9	with	4.10123
87	10	their	4.0815
87	11	phones	8.71139
88	1	The	1.81725
88	2	fans	10.3553
88	3	that	4.745
88	4	were	10.8985
88	5	UNK-LC-ed	7.64667
88	6	at	4.04692
88	7	the	1.09782
88	8	concert	7.02479
88	9	took	6.76212
88	10	photos	10.201
88	11	with	3.85854
88	12	their	4.07275
88	13	phones	8.83579
89	1	The	1.84469
89	2	boat	10.3377
89	3	steered	11.8639
89	4	to	2.24645
89	5	the	1.07394
89	6	sea	5.75766
89	7	disappeared	9.0607
89	8	in	2.03004
89	9	the	1.68152
89	10	storm	8.10715
90	1	The	1.96991
90	2	boat	10.2744
90	3	that	4.6716
90	4	was	2.59485
90	5	steered	10.7541
90	6	in	2.35586
90	7	the	1.47278
90	8	sea	7.34081
90	9	disappeared	8.69712
90	10	in	2.04194
90	11	the	1.5264
90	12	storm	8.03516
91	1	The	1.86294
91	2	boat	10.1769
91	3	sunk	11.5773
91	4	in	2.59119
91	5	the	1.9447
91	6	sea	6.80338
91	7	disappeared	15.287
91	8	in	2.8241
91	9	the	1.4529
91	10	storm	7.7241
92	1	The	1.85284
92	2	boat	10.0949
92	3	that	13.0009
92	4	was	3.36972
92	5	sunk	9.98245
92	6	in	2.55738
92	7	the	1.62554
92	8	sea	6.80849
92	9	disappeared	14.7386
92	10	in	2.31936
92	11	the	1.25976
92	12	storm	7.81574
93	1	The	1.83374
93	2	couple	8.46174
93	3	bought	6.88243
93	4	the	1.95292
93	5	apartment	7.37014
93	6	moved	14.0383
93	7	to	1.78072
93	8	a	2.60116
93	9	different	7.05101
93	10	city	4.245
94	1	The	1.99553
94	2	couple	8.51505
94	3	that	6.97171
94	4	was	2.67977
94	5	bought	6.44499
94	6	the	5.77449
94	7	apartment	7.40471
94	8	moved	8.73916
94	9	to	1.36536
94	10	a	2.49957
94	11	different	6.36297
94	12	city	4.60702
95	1	The	1.929
95	2	couple	8.53176
95	3	shown	9.70602
95	4	the	2.10476
95	5	apartment	10.9089
95	6	moved	8.76265
95	7	to	1.59111
95	8	a	2.19897
95	9	different	5.86288
95	10	city	4.96277
96	1	The	1.83558
96	2	couple	8.53266
96	3	that	9.56734
96	4	was	4.09459
96	5	shown	7.00914
96	6	the	4.46333
96	7	apartment	10.1053
96	8	moved	7.9394
96	9	to	1.62212
96	10	a	3.39078
96	11	different	5.70846
96	12	city	4.791
97	1	The	1.91367
97	2	girl	10.5237
97	3	made	6.8943
97	4	a	1.74362
97	5	new	4.03867
97	6	blanket	8.45735
97	7	lost	10.5152
97	8	it	9.05429
97	9	during	5.91348
97	10	the	0.734927
97	11	trip	6.82159
98	1	The	1.95381
98	2	girl	10.6185
98	3	who	3.00746
98	4	was	2.86923
98	5	made	6.065
98	6	a	3.66369
98	7	new	4.50973
98	8	blanket	9.19549
98	9	lost	7.80419
98	10	it	4.47369
98	11	during	5.11917
98	12	the	0.861922
98	13	trip	6.6524
99	1	The	1.95135
99	2	girl	10.6121
99	3	given	7.74239
99	4	a	2.05532
99	5	new	3.98417
99	6	blanket	8.83269
99	7	lost	8.12646
99	8	it	4.78187
99	9	during	5.09022
99	10	the	0.81278
99	11	trip	6.76452
100	1	The	2.03028
100	2	girl	10.693
100	3	who	4.61971
100	4	was	2.83357
100	5	given	5.32822
100	6	a	1.67597
100	7	new	4.00238
100	8	blanket	8.73879
100	9	lost	9.04332
100	10	it	6.34364
100	11	during	4.94994
100	12	the	0.776327
100	13	trip	6.54595
101	1	The	1.88175
101	2	airplane	11.3172
101	3	landed	8.00734
101	4	in	1.42554
101	5	the	1.67963
101	6	mountains	6.47972
101	7	broke	11.125
101	8	down	3.82283
101	9	during	4.6581
101	10	the	1.02113
101	11	ice	9.81179
101	12	storm	7.20204
102	1	The	1.85444
102	2	airplane	11.5889
102	3	that	13.0725
102	4	was	3.40903
102	5	landed	10.2259
102	6	in	1.15733
102	7	the	1.80921
102	8	mountains	7.0107
102	9	broke	12.7876
102	10	down	3.21038
103	1	The	1.86845
103	2	airplane	11.186
103	3	flown	11.5916
103	4	in	2.83883
103	5	the	2.14139
103	6	mountains	7.93768
103	7	broke	12.5186
103	8	down	3.03444
103	9	during	4.68932
103	10	the	0.862751
103	11	ice	9.81654
103	12	storm	7.24239
104	1	The	2.05884
104	2	airplane	11.4877
104	3	that	12.951
104	4	was	2.9376
104	5	flown	8.51243
104	6	in	2.34077
104	7	the	1.97526
104	8	mountains	8.12098
104	9	broke	12.8668
104	10	down	5.52928
104	11	during	4.41658
104	12	the	0.686245
104	13	ice	10.1922
104	14	storm	7.05486
105	1	The	2.04087
105	2	child	9.64416
105	3	carried	9.1988
105	4	down	6.01524
105	5	the	1.57383
105	6	hall	6.94418
105	7	yelled	16.2675
105	8	at	3.63645
105	9	the	1.23635
105	10	top	6.00177
105	11	of	1.97402
105	12	his	2.86919
105	13	lungs	7.881
106	1	The	1.94133
106	2	child	9.71327
106	3	that	12.9019
106	4	was	4.06254
106	5	carried	6.40097
106	6	down	4.77114
106	7	the	2.78955
106	8	hall	5.47758
106	9	yelled	14.9841
106	10	at	3.1156
106	11	the	1.27402
106	12	top	6.20953
106	13	of	2.12359
106	14	his	2.95647
106	15	lungs	7.77341
107	1	The	1.87516
107	2	child	9.68081
107	3	borne	13.3716
107	4	down	5.39011
107	5	the	1.5564
107	6	hall	9.27754
107	7	yelled	16.3415
107	8	at	3.44215
107	9	the	1.17289
107	10	top	6.49146
107	11	of	1.33708
107	12	his	3.15636
107	13	lungs	8.01954
108	1	The	1.91448
108	2	child	9.56632
108	3	that	6.67168
108	4	was	3.3881
108	5	borne	10.3344
108	6	down	4.93216
108	7	the	2.22944
108	8	hall	5.42096
108	9	yelled	10.9323
108	10	at	3.71197
108	11	the	1.18295
108	12	top	5.8572
108	13	of	1.96469
108	14	his	3.1579
108	15	lungs	8.37086
