sentence_id	token_id	token	surprisal
1	1	The	1.8456
1	2	woman	8.43807
1	3	brought	7.22396
1	4	the	2.45167
1	5	sandwich	9.96109
1	6	from	3.7739
1	7	the	1.22121
1	8	kitchen	5.18883
1	9	fell	10.9544
1	10	in	2.87337
1	11	the	1.65446
1	12	dining	7.80524
1	13	room	0.744878
2	1	The	1.78616
2	2	woman	8.51611
2	3	who	3.00487
2	4	was	2.87261
2	5	brought	5.942
2	6	the	4.15009
2	7	sandwich	10.1476
2	8	from	3.93991
2	9	the	1.16133
2	10	kitchen	5.36495
2	11	fell	7.95922
2	12	in	2.7679
2	13	the	1.81569
2	14	dining	7.80848
2	15	room	0.712041
3	1	The	2.0225
3	2	woman	8.44363
3	3	given	8.27601
3	4	the	1.92403
3	5	sandwich	10.2121
3	6	from	5.51218
3	7	the	1.15012
3	8	kitchen	5.91924
3	9	fell	7.73675
3	10	in	2.87164
3	11	the	1.69361
3	12	dining	7.77485
3	13	room	0.729941
4	1	The	1.78294
4	2	woman	8.38514
4	3	who	2.53511
4	4	was	2.8736
4	5	given	5.08489
4	6	the	2.03182
4	7	sandwich	10.4735
4	8	from	5.60626
4	9	the	1.1245
4	10	kitchen	6.11261
4	11	fell	7.76768
4	12	in	2.82949
4	13	the	1.95244
4	14	dining	7.96529
4	15	room	0.746937
5	1	The	1.86017
5	2	convict	13.0087
5	3	walked	8.38281
5	4	into	2.22264
5	5	the	1.05441
5	6	dark	6.12207
5	7	cell	9.40572
5	8	tried	15.701
5	9	to	1.2598
5	10	escape	5.03734
5	11	but	8.89041
5	12	failed	9.81712
6	1	The	1.98338
6	2	convict	12.9528
6	3	who	4.61436
6	4	was	2.75429
6	5	walked	11.1116
6	6	into	2.04668
6	7	the	0.831083
6	8	dark	6.46011
6	9	cell	9.41005
6	10	tried	8.15755
6	11	to	0.183853
6	12	escape	5.29821
6	13	but	8.02831
6	14	failed	9.93751
7	1	The	1.89704
7	2	convict	12.9032
7	3	taken	11.2576
7	4	into	10.9915
7	5	the	3.33975
7	6	dark	8.81714
7	7	cell	9.36624
7	8	tried	14.2031
7	9	to	1.60806
7	10	escape	5.22876
7	11	but	7.70971
7	12	failed	11.3316
8	1	The	1.97246
8	2	convict	13.0151
8	3	who	13.1293
8	4	was	3.11389
8	5	taken	5.40369
8	6	into	2.80914
8	7	the	1.3948
8	8	dark	7.07707
8	9	cell	9.53055
8	10	tried	14.8928
8	11	to	1.17413
8	12	escape	5.16362
8	13	but	8.04049
8	14	failed	11.1671
9	1	The	1.83214
9	2	prisoners	11.8881
9	3	hit	7.49929
9	4	for	6.64112
9	5	hours	5.40595
9	6	and	3.58111
9	7	hours	2.61498
9	8	confessed	15.3831
9	9	to	1.61632
9	10	crimes	7.34517
9	11	they	14.9264
9	12	never	5.20383
9	13	committed	7.37922
10	1	The	1.9266
10	2	prisoners	11.8536
10	3	who	3.77589
10	4	were	3.26763
10	5	hit	6.88139
10	6	for	4.96534
10	7	hours	5.39817
10	8	and	5.58123
10	9	hours	9.10448
10	10	confessed	11.7051
10	11	to	0.973626
10	12	crimes	7.40805
10	13	they	5.31641
10	14	never	4.57138
10	15	committed	7.3332
11	1	The	1.88909
11	2	prisoners	11.8402
11	3	beaten	11.488
11	4	for	6.23577
11	5	hours	5.78876
11	6	and	3.33275
11	7	hours	3.04758
11	8	confessed	13.1082
11	9	to	1.37823
11	10	crimes	7.42748
11	11	they	4.27542
11	12	never	5.57714
11	13	committed	7.30381
12	1	The	1.82862
12	2	prisoners	11.8575
12	3	who	4.18133
12	4	were	3.21864
12	5	beaten	6.85576
12	6	for	4.33078
12	7	hours	5.57502
12	8	and	4.9399
12	9	hours	10.3928
12	10	confessed	11.1984
12	11	to	0.825977
12	12	crimes	7.36874
12	13	they	5.31016
12	14	never	4.35955
12	15	committed	7.30094
13	1	The	1.71536
13	2	business	7.65383
13	3	expanded	8.86485
13	4	into	5.64033
13	5	an	4.08806
13	6	empire	5.90357
13	7	was	12.1603
13	8	sold	4.80446
13	9	for	2.78357
13	10	billions	9.17064
13	11	of	0.469125
13	12	dollars	0.0330734
14	1	The	1.98959
14	2	business	7.68708
14	3	that	3.97573
14	4	was	2.9706
14	5	expanded	7.98401
14	6	into	5.0024
14	7	an	4.95928
14	8	empire	5.71807
14	9	was	3.01822
14	10	sold	5.13013
14	11	for	2.78633
14	12	billions	8.2966
14	13	of	0.791385
14	14	dollars	0.0462775
15	1	The	1.88196
15	2	business	7.75895
15	3	grown	15.5923
15	4	into	5.01776
15	5	an	3.61622
15	6	empire	6.8371
15	7	was	11.8959
15	8	sold	4.07803
15	9	for	2.78151
15	10	billions	8.80149
15	11	of	0.758578
15	12	dollars	0.0346937
16	1	The	1.88817
16	2	business	7.89441
16	3	that	13.5825
16	4	was	3.82683
16	5	grown	9.624
16	6	into	5.57806
16	7	an	3.88696
16	8	empire	6.89348
16	9	was	11.2343
16	10	sold	3.79589
16	11	for	2.98124
16	12	billions	8.45206
16	13	of	0.568374
16	14	dollars	0.0334086
17	1	The	2.06902
17	2	mice	11.7042
17	3	consumed	9.0956
17	4	rapidly	10.0378
17	5	and	3.73298
17	6	entirely	13.6426
17	7	were	12.8907
17	8	carrying	8.99094
17	9	a	2.64675
17	10	rare	6.3105
17	11	bacteria	7.92734
18	1	The	1.94228
18	2	mice	11.6012
18	3	that	5.65972
18	4	were	3.99135
18	5	consumed	6.50121
18	6	rapidly	9.82089
18	7	and	4.82802
18	8	entirely	8.66611
18	9	were	10.3592
18	10	carrying	7.88182
18	11	a	2.46372
18	12	rare	6.55125
18	13	bacteria	7.93861
19	1	The	1.92029
19	2	mice	11.6539
19	3	consumed	8.8402
19	4	rapidly	11.2418
19	5	and	5.29513
19	6	entirely	9.78394
19	7	were	8.43323
19	8	carrying	8.03709
19	9	a	2.75692
19	10	rare	6.38684
19	11	bacteria	7.88996
20	1	The	1.75585
20	2	mice	11.7038
20	3	that	3.96859
20	4	were	3.94571
20	5	consumed	6.06237
20	6	rapidly	10.5524
20	7	and	2.38673
20	8	entirely	8.38105
20	9	were	10.8039
20	10	carrying	7.44034
20	11	a	2.99085
20	12	rare	6.93765
20	13	bacteria	7.74661
21	1	The	2.00287
21	2	lawyer	8.17769
21	3	pledged	10.0111
21	4	to	0.331645
21	5	keep	4.9684
21	6	silent	8.50714
21	7	was	13.0711
21	8	discovered	8.08357
21	9	to	3.41314
21	10	have	3.02071
21	11	broken	5.56694
21	12	his	3.77742
21	13	promise	7.45833
22	1	The	1.8735
22	2	lawyer	8.22407
22	3	that	13.1364
22	4	was	4.65135
22	5	pledged	10.4936
22	6	to	0.38607
22	7	keep	5.03442
22	8	silent	9.61768
22	9	was	12.6922
22	10	discovered	7.8551
22	11	to	2.6648
22	12	have	2.84138
22	13	broken	5.54387
22	14	his	4.04435
22	15	promise	7.391
23	1	The	1.97608
23	2	lawyer	8.25229
23	3	committed	10.2825
23	4	to	2.23449
23	5	keep	5.57766
23	6	silent	9.63645
23	7	was	10.2143
23	8	discovered	6.35704
23	9	to	3.17495
23	10	have	2.93339
23	11	broken	5.40284
23	12	his	3.56511
23	13	promise	7.46302
24	1	The	1.99875
24	2	lawyer	8.21298
24	3	who	3.91775
24	4	was	3.0259
24	5	committed	8.26738
24	6	to	0.195177
24	7	keep	7.34605
24	8	silent	9.0947
24	9	was	3.0374
24	10	discovered	8.33349
24	11	to	1.38188
24	12	have	1.99388
24	13	broken	6.39692
24	14	his	2.91273
24	15	promise	7.47318
25	1	The	1.91046
25	2	child	9.75601
25	3	kicked	10.0804
25	4	in	1.63926
25	5	the	2.25986
25	6	chaos	9.9422
25	7	found	6.46596
25	8	her	8.26169
25	9	way	7.12407
25	10	back	7.07581
25	11	home	8.01756
26	1	The	1.96607
26	2	child	9.66495
26	3	who	4.74356
26	4	was	3.44126
26	5	kicked	7.9134
26	6	in	1.81643
26	7	the	2.27994
26	8	chaos	10.2166
26	9	found	6.22165
26	10	her	4.67421
26	11	way	6.70746
26	12	back	5.99945
26	13	home	8.2588
27	1	The	1.7594
27	2	child	9.67274
27	3	forgotten	12.6311
27	4	in	3.92349
27	5	the	1.38768
27	6	chaos	8.5836
27	7	found	6.83865
27	8	her	7.61289
27	9	way	7.00916
27	10	back	5.59546
27	11	home	8.73124
28	1	The	1.95232
28	2	child	9.6845
28	3	who	3.14969
28	4	was	3.45172
28	5	forgotten	9.19257
28	6	in	2.83681
28	7	the	1.21684
28	8	chaos	8.94437
28	9	found	6.7527
28	10	her	4.55747
28	11	way	6.6765
28	12	back	7.21618
28	13	home	7.51847
29	1	The	1.86448
29	2	horses	12.0822
29	3	UNK-LC-ed	8.99161
29	4	past	8.00005
29	5	the	1.59684
29	6	barn	8.95896
29	7	fell	12.4566
29	8	into	5.81733
29	9	a	2.1019
29	10	swamp	9.39733
30	1	The	1.80779
30	2	horses	12.1047
30	3	that	2.85333
30	4	were	3.3588
30	5	UNK-LC-ed	6.57038
30	6	past	8.46219
30	7	the	1.26359
30	8	barn	8.89671
30	9	fell	6.51355
30	10	into	3.63432
30	11	a	1.93362
30	12	swamp	9.2834
31	1	The	1.98476
31	2	horses	12.0719
31	3	taken	8.44242
31	4	past	7.85862
31	5	the	1.0941
31	6	barn	8.67928
31	7	fell	6.95776
31	8	into	3.44812
31	9	a	1.98974
31	10	swamp	9.3722
32	1	The	1.96454
32	2	horses	12.0891
32	3	that	3.70039
32	4	were	3.428
32	5	taken	5.13728
32	6	past	7.41182
32	7	the	1.01822
32	8	barn	8.73916
32	9	fell	6.45448
32	10	into	3.83045
32	11	a	1.95339
32	12	swamp	9.38771
33	1	The	1.83352
33	2	artist	10.0689
33	3	painted	8.8068
33	4	a	1.43514
33	5	impressionist	12.1794
33	6	portrait	5.54254
33	7	was	11.9329
33	8	impressed	10.0908
33	9	with	1.26706
33	10	the	1.1018
33	11	work	7.64534
34	1	The	1.81903
34	2	artist	10.0809
34	3	who	14.3112
34	4	was	5.0157
34	5	painted	8.01529
34	6	a	3.7
34	7	impressionist	12.7787
34	8	portrait	5.583
34	9	was	11.6927
34	10	impressed	8.88584
34	11	with	1.3546
34	12	the	1.14307
34	13	work	7.67401
35	1	The	1.95556
35	2	artist	10.0806
35	3	drawn	10.7824
35	4	a	3.38326
35	5	impressionist	12.6881
35	6	portrait	5.89095
35	7	was	6.33268
35	8	impressed	8.01851
35	9	with	1.36956
35	10	the	1.02928
35	11	work	7.53114
36	1	The	2.04909
36	2	artist	10.128
36	3	who	4.6423
36	4	was	3.06701
36	5	drawn	6.94577
36	6	a	6.33382
36	7	impressionist	13.0194
36	8	portrait	6.02282
36	9	was	2.90843
36	10	impressed	7.66493
36	11	with	1.14958
36	12	the	1.07221
36	13	work	7.4817
37	1	The	1.98411
37	2	car	7.87333
37	3	steered	13.4804
37	4	into	2.26885
37	5	the	1.56522
37	6	parking	9.32241
37	7	lot	2.89627
37	8	crashed	17.2906
37	9	into	4.48147
37	10	a	2.16
37	11	concrete	8.26425
37	12	wall	5.28718
38	1	The	1.79822
38	2	car	7.83622
38	3	that	10.6074
38	4	was	3.24623
38	5	steered	11.3888
38	6	into	1.73882
38	7	the	1.52354
38	8	parking	9.10636
38	9	lot	2.91575
38	10	crashed	16.9162
38	11	into	3.44266
38	12	a	2.26194
38	13	concrete	8.19159
38	14	wall	5.18521
39	1	The	1.91117
39	2	car	7.86953
39	3	driven	11.073
39	4	into	4.27453
39	5	the	1.16583
39	6	parking	8.98182
39	7	lot	3.31425
39	8	crashed	10.1788
39	9	into	3.86575
39	10	a	1.94424
39	11	concrete	8.39436
39	12	wall	5.06027
40	1	The	1.98313
40	2	car	7.91613
40	3	that	10.5505
40	4	was	3.04744
40	5	driven	7.44836
40	6	into	3.81222
40	7	the	1.33405
40	8	parking	9.1111
40	9	lot	2.95321
40	10	crashed	12.4391
40	11	into	3.77549
40	12	a	1.85735
40	13	concrete	8.44816
40	14	wall	5.06239
41	1	The	1.89122
41	2	campaign	6.96573
41	3	intended	9.52163
41	4	to	0.219953
41	5	be	3.55451
41	6	very	6.49581
41	7	popular	4.31699
41	8	was	13.5486
41	9	still	6.65247
41	10	unsuccessful	9.4384
42	1	The	2.07105
42	2	campaign	6.88431
42	3	that	4.60117
42	4	was	2.78334
42	5	intended	5.73695
42	6	to	0.425749
42	7	be	3.36867
42	8	very	6.91524
42	9	popular	4.62876
42	10	was	2.74968
42	11	still	5.56851
42	12	unsuccessful	7.50659
43	1	The	1.90223
43	2	campaign	6.88909
43	3	known	13.271
43	4	to	2.59717
43	5	be	1.67115
43	6	very	5.7059
43	7	popular	4.37048
43	8	was	14.0251
43	9	still	6.60394
43	10	unsuccessful	9.77256
44	1	The	1.85311
44	2	campaign	6.9488
44	3	that	4.61563
44	4	was	2.68273
44	5	known	6.77002
44	6	to	2.21262
44	7	be	0.677728
44	8	very	6.8449
44	9	popular	4.41731
44	10	was	2.41299
44	11	still	5.59626
44	12	unsuccessful	7.62149
45	1	The	1.96051
45	2	student	9.31269
45	3	composed	12.1177
45	4	a	2.32958
45	5	carefully	8.00059
45	6	worded	4.54931
45	7	excuse	10.2402
45	8	forgot	16.5572
45	9	to	1.6952
45	10	give	5.00759
45	11	it	3.56639
45	12	to	2.8064
45	13	the	1.47967
45	14	teacher	7.67176
46	1	The	1.87505
46	2	student	9.30054
46	3	who	4.60854
46	4	was	2.98684
46	5	composed	9.24492
46	6	a	5.30967
46	7	carefully	13.1093
46	8	worded	13.0067
46	9	excuse	12.8533
46	10	forgot	10.2081
46	11	to	1.65424
46	12	give	4.83365
46	13	it	3.15493
46	14	to	2.30445
46	15	the	1.34439
46	16	teacher	7.5908
47	1	The	1.88555
47	2	student	9.29769
47	3	written	10.9063
47	4	a	1.6457
47	5	carefully	8.13044
47	6	worded	3.95606
47	7	excuse	10.5375
47	8	forgot	17.4043
47	9	to	1.86586
47	10	give	4.86782
47	11	it	3.44791
47	12	to	2.60346
47	13	the	1.1094
47	14	teacher	7.78603
48	1	The	1.92835
48	2	student	9.32662
48	3	who	4.60858
48	4	was	2.93022
48	5	written	7.61178
48	6	a	4.69337
48	7	carefully	12.5362
48	8	worded	13.0381
48	9	excuse	12.1371
48	10	forgot	10.4209
48	11	to	1.17566
48	12	give	4.76514
48	13	it	3.13191
48	14	to	2.77092
48	15	the	1.30054
48	16	teacher	7.60365
49	1	The	2.06745
49	2	television	8.68015
49	3	show	3.86908
49	4	started	6.67972
49	5	three	5.2779
49	6	weeks	1.90512
49	7	ago	0.272964
49	8	was	11.773
49	9	canceled	7.42325
49	10	immediately	7.70418
50	1	The	1.9241
50	2	television	8.67444
50	3	show	3.83222
50	4	that	4.62687
50	5	was	2.65996
50	6	started	5.94485
50	7	three	6.2592
50	8	weeks	2.08569
50	9	ago	0.0390739
50	10	was	1.63195
50	11	canceled	6.19919
50	12	immediately	8.11606
51	1	The	2.00431
51	2	television	8.73292
51	3	show	3.83631
51	4	begun	10.3214
51	5	three	8.36715
51	6	weeks	2.10125
51	7	ago	8.74793
51	8	was	10.7805
51	9	canceled	6.58353
51	10	immediately	8.15098
52	1	The	1.99237
52	2	television	8.71507
52	3	show	3.85434
52	4	that	9.80815
52	5	was	3.3815
52	6	begun	7.60954
52	7	three	8.5756
52	8	weeks	5.3828
52	9	ago	1.6386
52	10	was	15.731
52	11	canceled	9.64914
52	12	immediately	7.79692
53	1	The	1.90672
53	2	boys	9.76368
53	3	performed	8.15918
53	4	an	5.18066
53	5	unsolicited	7.4885
53	6	favor	11.3579
53	7	appreciated	17.5422
53	8	the	4.29489
53	9	person	9.00175
53	10	who	1.76052
53	11	helped	5.22203
53	12	them	3.93818
54	1	The	1.90841
54	2	boys	9.81867
54	3	who	2.53232
54	4	were	3.16597
54	5	performed	9.21831
54	6	an	8.33102
54	7	unsolicited	8.70235
54	8	favor	11.0334
54	9	appreciated	11.9506
54	10	the	2.0129
54	11	person	9.71526
54	12	who	3.25484
54	13	helped	5.30422
54	14	them	3.75155
55	1	The	1.87631
55	2	boys	9.88462
55	3	done	10.4173
55	4	an	4.66512
55	5	unsolicited	7.64169
55	6	favor	11.479
55	7	appreciated	16.9322
55	8	the	6.25056
55	9	person	10.6944
55	10	who	5.233
55	11	helped	6.01526
55	12	them	3.53586
56	1	The	2.00241
56	2	boys	9.78089
56	3	who	3.22506
56	4	were	3.214
56	5	done	8.86803
56	6	an	8.20985
56	7	unsolicited	8.05887
56	8	favor	10.8095
56	9	appreciated	12.0558
56	10	the	2.34103
56	11	person	9.59118
56	12	who	1.94115
56	13	helped	5.29354
56	14	them	3.85338
57	1	The	1.79138
57	2	player	10.5028
57	3	tossed	11.1383
57	4	the	2.38084
57	5	baseball	8.0712
57	6	dropped	17.8462
57	7	it	9.24892
57	8	on	3.5208
57	9	the	1.47275
57	10	ground	5.02731
58	1	The	1.93194
58	2	player	10.4648
58	3	who	3.03767
58	4	was	3.10463
58	5	tossed	8.01619
58	6	the	4.44662
58	7	baseball	7.73488
58	8	dropped	11.5517
58	9	it	4.04921
58	10	on	4.24453
58	11	the	1.21784
58	12	ground	4.59108
59	1	The	1.90796
59	2	player	10.5165
59	3	thrown	10.7735
59	4	the	3.00133
59	5	baseball	8.27237
59	6	dropped	18.4245
59	7	it	10.4404
59	8	on	3.87368
59	9	the	1.28822
59	10	ground	4.54075
60	1	The	1.89972
60	2	player	10.5101
60	3	who	3.97093
60	4	was	3.01222
60	5	thrown	6.99809
60	6	the	6.10848
60	7	baseball	8.10216
60	8	dropped	18.213
60	9	it	9.01581
60	10	on	4.95452
60	11	the	1.10061
60	12	ground	4.51841
61	1	The	1.98942
61	2	child	9.69208
61	3	jumped	9.16714
61	4	past	8.14053
61	5	the	1.80281
61	6	swings	13.2293
61	7	was	13.359
61	8	upset	9.39164
61	9	about	2.69329
61	10	it	6.17755
62	1	The	1.76379
62	2	child	9.66642
62	3	who	4.74357
62	4	was	3.37627
62	5	jumped	12.3651
62	6	past	7.87811
62	7	the	1.17868
62	8	swings	13.2813
62	9	was	2.52711
62	10	upset	7.77394
62	11	about	1.63815
62	12	it	5.79489
63	1	The	1.84153
63	2	child	9.71316
63	3	led	8.76793
63	4	past	9.34404
63	5	the	3.47913
63	6	swings	12.7666
63	7	was	6.28769
63	8	upset	9.76361
63	9	about	5.28579
63	10	it	5.95242
64	1	The	1.98924
64	2	child	9.6487
64	3	who	4.08044
64	4	was	3.33128
64	5	led	9.10037
64	6	past	10.1941
64	7	the	1.65476
64	8	swings	13.5221
64	9	was	2.73135
64	10	upset	7.58683
64	11	about	1.93406
64	12	it	5.58499
65	1	The	1.79676
65	2	students	8.1452
65	3	prepared	9.41212
65	4	a	2.30321
65	5	fancy	8.8996
65	6	dinner	5.9819
65	7	ate	15.2376
65	8	the	2.93625
65	9	meal	9.26597
65	10	quickly	10.0511
66	1	The	2.04711
66	2	students	8.18772
66	3	who	2.82073
66	4	were	3.62297
66	5	prepared	7.86988
66	6	a	6.48595
66	7	fancy	8.45209
66	8	dinner	5.77724
66	9	ate	8.93095
66	10	the	1.93685
66	11	meal	9.24486
66	12	quickly	8.57318
67	1	The	1.96249
67	2	students	8.18902
67	3	gotten	14.1693
67	4	a	2.19005
67	5	fancy	7.40722
67	6	dinner	6.47833
67	7	ate	14.7947
67	8	the	3.11804
67	9	meal	9.25857
67	10	quickly	10.253
68	1	The	1.97335
68	2	students	8.13176
68	3	who	3.94761
68	4	were	3.61753
68	5	gotten	11.0838
68	6	a	3.28378
68	7	fancy	7.06631
68	8	dinner	6.30222
68	9	ate	10.0993
68	10	the	1.94159
68	11	meal	9.12987
68	12	quickly	8.51894
69	1	The	1.87455
69	2	infant	11.0874
69	3	fed	12.3812
69	4	during	8.46183
69	5	the	0.7569
69	6	night	5.65541
69	7	yelled	12.803
69	8	intensely	12.8585
70	1	The	1.92327
70	2	infant	11.139
70	3	that	14.0741
70	4	was	3.29197
70	5	fed	8.03062
70	6	during	6.34125
70	7	the	0.706223
70	8	night	6.07494
70	9	yelled	15.864
70	10	intensely	15.2044
71	1	The	1.9585
71	2	infant	11.1127
71	3	aroused	13.473
71	4	during	9.00265
71	5	the	0.829431
71	6	night	5.88691
71	7	yelled	12.3144
71	8	intensely	10.273
72	1	The	1.83215
72	2	infant	11.1612
72	3	that	8.7381
72	4	was	3.15238
72	5	aroused	10.5516
72	6	during	4.91723
72	7	the	0.543811
72	8	night	6.01772
72	9	yelled	10.5619
72	10	intensely	11.0998
73	1	The	1.88267
73	2	refugee	12.3917
73	3	sheltered	13.6409
73	4	in	4.95355
73	5	the	1.32961
73	6	basement	7.8371
73	7	departed	15.2673
73	8	during	6.89332
73	9	the	0.988136
73	10	night	6.06288
74	1	The	1.78273
74	2	refugee	12.4219
74	3	who	15.328
74	4	was	3.41104
74	5	sheltered	10.6119
74	6	in	2.37925
74	7	the	1.35805
74	8	basement	7.68046
74	9	departed	15.5922
74	10	during	7.17028
74	11	the	1.02096
74	12	night	6.06597
75	1	The	1.92677
75	2	refugee	12.4493
75	3	hidden	13.7052
75	4	in	2.58715
75	5	the	0.891603
75	6	basement	8.13714
75	7	departed	11.1606
75	8	during	5.35288
75	9	the	0.86509
75	10	night	5.82022
76	1	The	1.89495
76	2	refugee	12.3944
76	3	who	15.3648
76	4	was	3.56614
76	5	hidden	9.92498
76	6	in	1.38766
76	7	the	1.32506
76	8	basement	6.75177
76	9	departed	15.1368
76	10	during	5.3963
76	11	the	0.656123
76	12	night	5.93964
77	1	The	2.00842
77	2	dog	11.0458
77	3	walked	8.56031
77	4	on	3.71293
77	5	the	1.08119
77	6	beach	5.29001
77	7	UNK-LC-ed	11.2745
77	8	after	5.48309
77	9	a	1.93254
77	10	bird	8.32467
78	1	The	1.89432
78	2	dog	11.0513
78	3	that	5.61195
78	4	was	4.18942
78	5	walked	10.012
78	6	on	2.96457
78	7	the	0.896613
78	8	beach	5.32394
78	9	UNK-LC-ed	8.65864
78	10	after	6.6067
78	11	a	1.75752
78	12	bird	8.45534
79	1	The	1.94482
79	2	dog	11.0644
79	3	seen	9.66384
79	4	on	4.38305
79	5	the	0.831584
79	6	beach	5.82219
79	7	UNK-LC-ed	8.04958
79	8	after	6.84386
79	9	a	1.72136
79	10	bird	8.58425
80	1	The	1.78737
80	2	dog	11.0482
80	3	that	10.4298
80	4	was	2.57767
80	5	seen	5.1583
80	6	on	4.98073
80	7	the	1.17253
80	8	beach	6.18018
80	9	UNK-LC-ed	12.3578
80	10	after	5.47801
80	11	a	1.76079
80	12	bird	8.24107
81	1	The	1.8228
81	2	ship	9.38509
81	3	steered	12.2809
81	4	off	4.73105
81	5	course	9.29803
81	6	sank	16.587
81	7	in	2.97938
81	8	the	1.42724
81	9	storm	8.50121
82	1	The	1.88249
82	2	ship	9.32345
82	3	that	11.2086
82	4	was	3.71793
82	5	steered	11.7598
82	6	off	4.84526
82	7	course	11.0961
82	8	sank	11.3554
82	9	in	2.85976
82	10	the	1.42249
82	11	storm	8.62153
83	1	The	1.98961
83	2	ship	9.3607
83	3	blown	13.3671
83	4	off	3.61473
83	5	course	9.16232
83	6	sank	16.3311
83	7	in	2.46878
83	8	the	1.40439
83	9	storm	7.96091
84	1	The	1.92351
84	2	ship	9.3122
84	3	that	4.6157
84	4	was	2.50398
84	5	blown	7.54877
84	6	off	3.08597
84	7	course	10.2995
84	8	sank	9.52111
84	9	in	2.65615
84	10	the	1.43931
84	11	storm	8.21791
85	1	The	1.79981
85	2	fans	10.3822
85	3	cheered	8.77836
85	4	at	5.5892
85	5	the	1.08073
85	6	concert	6.90694
85	7	took	15.3708
85	8	photos	9.4529
85	9	with	3.81195
85	10	their	3.93268
85	11	phones	8.64075
86	1	The	1.87003
86	2	fans	10.387
86	3	that	9.03317
86	4	were	3.76301
86	5	cheered	7.71139
86	6	at	4.8575
86	7	the	0.952226
86	8	concert	6.74858
86	9	took	7.54495
86	10	photos	9.07264
86	11	with	3.66757
86	12	their	3.90255
86	13	phones	8.58467
87	1	The	1.86121
87	2	fans	10.4316
87	3	UNK-LC-ed	8.56382
87	4	at	4.3865
87	5	the	1.09722
87	6	concert	6.86508
87	7	took	15.2035
87	8	photos	9.02774
87	9	with	3.92344
87	10	their	3.81719
87	11	phones	8.64501
88	1	The	1.93261
88	2	fans	10.3556
88	3	that	8.62386
88	4	were	3.69272
88	5	UNK-LC-ed	6.91764
88	6	at	3.44107
88	7	the	1.03976
88	8	concert	6.96289
88	9	took	7.03242
88	10	photos	8.90552
88	11	with	4.24699
88	12	their	3.91481
88	13	phones	8.63149
89	1	The	1.99099
89	2	boat	10.2574
89	3	steered	11.7224
89	4	to	2.50418
89	5	the	1.16698
89	6	sea	5.75802
89	7	disappeared	15.4732
89	8	in	2.50946
89	9	the	1.59728
89	10	storm	8.2883
90	1	The	1.93747
90	2	boat	10.3511
90	3	that	4.66555
90	4	was	2.69766
90	5	steered	10.7018
90	6	in	2.40583
90	7	the	1.3547
90	8	sea	7.30644
90	9	disappeared	8.62314
90	10	in	1.97907
90	11	the	1.56588
90	12	storm	8.09329
91	1	The	1.96608
91	2	boat	10.3167
91	3	sunk	11.8268
91	4	in	2.7427
91	5	the	1.72999
91	6	sea	6.90659
91	7	disappeared	15.22
91	8	in	2.93814
91	9	the	1.23354
91	10	storm	7.49555
92	1	The	2.0149
92	2	boat	10.2048
92	3	that	4.67162
92	4	was	2.66385
92	5	sunk	8.79948
92	6	in	2.14001
92	7	the	1.32366
92	8	sea	6.82155
92	9	disappeared	8.59997
92	10	in	1.87045
92	11	the	1.62328
92	12	storm	7.77273
93	1	The	1.89708
93	2	couple	8.51468
93	3	bought	7.0699
93	4	the	2.18794
93	5	apartment	7.3409
93	6	moved	16.9827
93	7	to	2.60091
93	8	a	4.0102
93	9	different	6.50207
93	10	city	4.68161
94	1	The	1.93697
94	2	couple	8.51566
94	3	that	8.56284
94	4	was	2.91255
94	5	bought	7.30023
94	6	the	5.2293
94	7	apartment	8.73657
94	8	moved	8.82795
94	9	to	1.71372
94	10	a	2.40917
94	11	different	6.31907
94	12	city	4.58335
95	1	The	1.8267
95	2	couple	8.48664
95	3	shown	9.84835
95	4	the	2.04446
95	5	apartment	10.2585
95	6	moved	8.19544
95	7	to	1.68206
95	8	a	2.42487
95	9	different	5.80104
95	10	city	4.90767
96	1	The	1.85725
96	2	couple	8.49751
96	3	that	6.87756
96	4	was	2.61042
96	5	shown	6.47913
96	6	the	4.78994
96	7	apartment	9.99513
96	8	moved	8.24107
96	9	to	1.80349
96	10	a	2.57136
96	11	different	6.13465
96	12	city	4.703
97	1	The	1.85447
97	2	girl	10.5793
97	3	made	6.07592
97	4	a	1.44625
97	5	new	3.92613
97	6	blanket	8.45006
97	7	lost	9.84764
97	8	it	8.92379
97	9	during	5.48686
97	10	the	0.808684
97	11	trip	6.99114
98	1	The	2.00121
98	2	girl	10.6094
98	3	who	2.82515
98	4	was	2.83262
98	5	made	6.16338
98	6	a	4.34047
98	7	new	4.178
98	8	blanket	9.10876
98	9	lost	8.06269
98	10	it	4.42073
98	11	during	5.08321
98	12	the	0.889431
98	13	trip	6.66222
99	1	The	1.80251
99	2	girl	10.6484
99	3	given	8.24422
99	4	a	2.07618
99	5	new	4.03043
99	6	blanket	8.83665
99	7	lost	7.97763
99	8	it	4.86479
99	9	during	5.07248
99	10	the	0.830307
99	11	trip	6.75174
100	1	The	1.99106
100	2	girl	10.6279
100	3	who	2.13202
100	4	was	2.87036
100	5	given	5.36574
100	6	a	1.57504
100	7	new	3.96365
100	8	blanket	8.73538
100	9	lost	8.21802
100	10	it	5.16594
100	11	during	5.14062
100	12	the	0.864534
100	13	trip	6.61934
101	1	The	1.85833
101	2	airplane	11.3331
101	3	landed	8.13419
101	4	in	1.41398
101	5	the	1.6601
101	6	mountains	6.33991
101	7	broke	13.473
101	8	down	3.07399
101	9	during	4.73734
101	10	the	0.868554
101	11	ice	9.883
101	12	storm	7.38529
102	1	The	1.8539
102	2	airplane	11.3157
102	3	that	13.2567
102	4	was	2.97268
102	5	landed	9.93509
102	6	in	0.999284
102	7	the	1.77054
102	8	mountains	6.69891
102	9	broke	13.3582
102	10	down	3.05799
103	1	The	1.89126
103	2	airplane	11.452
103	3	flown	11.5009
103	4	in	2.87375
103	5	the	1.91987
103	6	mountains	7.56856
103	7	broke	9.1309
103	8	down	2.4262
103	9	during	4.8937
103	10	the	0.76245
103	11	ice	9.74356
103	12	storm	7.04142
104	1	The	1.93387
104	2	airplane	11.2995
104	3	that	12.3685
104	4	was	3.6072
104	5	flown	7.4882
104	6	in	2.32672
104	7	the	1.88449
104	8	mountains	7.61502
104	9	broke	12.8615
104	10	down	3.20615
104	11	during	4.51184
104	12	the	0.610684
104	13	ice	10.137
104	14	storm	7.47403
105	1	The	1.91346
105	2	child	9.65985
105	3	carried	8.83199
105	4	down	5.80905
105	5	the	1.69143
105	6	hall	7.71586
105	7	yelled	14.6398
105	8	at	3.40869
105	9	the	1.22488
105	10	top	6.32709
105	11	of	1.51434
105	12	his	2.99412
105	13	lungs	7.88837
106	1	The	1.87627
106	2	child	9.69022
106	3	that	7.36463
106	4	was	3.40206
106	5	carried	6.78125
106	6	down	5.12795
106	7	the	2.58114
106	8	hall	5.20297
106	9	yelled	10.598
106	10	at	3.49833
106	11	the	1.2086
106	12	top	5.73905
106	13	of	1.88868
106	14	his	3.21454
106	15	lungs	8.20627
107	1	The	1.86256
107	2	child	9.67608
107	3	borne	13.4316
107	4	down	5.45705
107	5	the	1.58075
107	6	hall	8.79707
107	7	yelled	14.7757
107	8	at	3.30956
107	9	the	1.19197
107	10	top	6.3428
107	11	of	1.66872
107	12	his	3.03937
107	13	lungs	8.04173
108	1	The	2.09127
108	2	child	9.6629
108	3	that	7.35703
108	4	was	3.3637
108	5	borne	10.3605
108	6	down	4.84933
108	7	the	2.9935
108	8	hall	5.60366
108	9	yelled	10.6512
108	10	at	3.5865
108	11	the	1.23307
108	12	top	5.89466
108	13	of	1.21064
108	14	his	3.14732
108	15	lungs	8.35873
