sentence_id	token_id	token	surprisal
1	1	The	1.83431
1	2	woman	8.47158
1	3	brought	7.18955
1	4	the	2.21986
1	5	sandwich	9.94216
1	6	from	3.7225
1	7	the	1.28335
1	8	kitchen	5.25155
1	9	fell	14.3467
1	10	in	3.30942
1	11	the	1.55158
1	12	dining	7.76706
1	13	room	0.744277
2	1	The	2.01938
2	2	woman	8.50065
2	3	who	3.22846
2	4	was	2.8673
2	5	brought	6.12041
2	6	the	3.59581
2	7	sandwich	10.0746
2	8	from	3.62884
2	9	the	1.15056
2	10	kitchen	5.2816
2	11	fell	7.98218
2	12	in	2.78482
2	13	the	1.76458
2	14	dining	7.84592
2	15	room	0.706055
3	1	The	1.91404
3	2	woman	8.39493
3	3	given	8.92302
3	4	the	2.01418
3	5	sandwich	10.0949
3	6	from	5.58271
3	7	the	1.47033
3	8	kitchen	5.95908
3	9	fell	7.6438
3	10	in	2.80126
3	11	the	1.68925
3	12	dining	7.82066
3	13	room	0.75816
4	1	The	1.91142
4	2	woman	8.47414
4	3	who	2.66866
4	4	was	2.86058
4	5	given	5.19622
4	6	the	1.97401
4	7	sandwich	10.3654
4	8	from	5.09402
4	9	the	1.19195
4	10	kitchen	5.95536
4	11	fell	7.81345
4	12	in	2.949
4	13	the	1.80382
4	14	dining	7.816
4	15	room	0.767274
5	1	The	1.90027
5	2	convict	12.97
5	3	walked	8.39036
5	4	into	1.89473
5	5	the	1.02992
5	6	dark	6.15821
5	7	cell	9.05041
5	8	tried	14.8062
5	9	to	1.35568
5	10	escape	5.04268
5	11	but	9.03725
5	12	failed	8.59466
6	1	The	1.85714
6	2	convict	12.9076
6	3	who	4.61324
6	4	was	2.7835
6	5	walked	11.0981
6	6	into	2.03799
6	7	the	0.786736
6	8	dark	6.49042
6	9	cell	9.29922
6	10	tried	7.94164
6	11	to	0.121145
6	12	escape	5.24993
6	13	but	5.80349
6	14	failed	5.85372
7	1	The	1.89788
7	2	convict	12.9345
7	3	taken	10.0502
7	4	into	3.25188
7	5	the	0.919876
7	6	dark	7.65178
7	7	cell	9.46849
7	8	tried	7.59125
7	9	to	0.266956
7	10	escape	5.2719
7	11	but	7.22423
7	12	failed	5.81015
8	1	The	1.88431
8	2	convict	13.0369
8	3	who	4.61442
8	4	was	2.73714
8	5	taken	5.45802
8	6	into	2.84613
8	7	the	1.0919
8	8	dark	7.66231
8	9	cell	9.31144
8	10	tried	7.85097
8	11	to	0.25199
8	12	escape	5.403
8	13	but	9.16658
8	14	failed	8.85825
9	1	The	1.85677
9	2	prisoners	11.851
9	3	hit	7.57143
9	4	for	6.25806
9	5	hours	5.5125
9	6	and	4.23365
9	7	hours	2.65839
9	8	confessed	12.575
9	9	to	0.497526
9	10	crimes	7.35587
9	11	they	5.45036
9	12	never	4.52068
9	13	committed	7.22882
10	1	The	1.9436
10	2	prisoners	11.8499
10	3	who	3.48822
10	4	were	3.22641
10	5	hit	6.98759
10	6	for	4.98969
10	7	hours	5.39631
10	8	and	4.74388
10	9	hours	2.10028
10	10	confessed	11.0033
10	11	to	0.90857
10	12	crimes	7.44891
10	13	they	12.9114
10	14	never	6.38026
10	15	committed	7.10216
11	1	The	1.81757
11	2	prisoners	11.8587
11	3	beaten	11.1121
11	4	for	7.04193
11	5	hours	6.74363
11	6	and	4.85697
11	7	hours	2.392
11	8	confessed	15.3059
11	9	to	0.709713
11	10	crimes	7.41706
11	11	they	5.39824
11	12	never	5.11368
11	13	committed	7.33531
12	1	The	1.96463
12	2	prisoners	11.8383
12	3	who	13.9347
12	4	were	3.4268
12	5	beaten	6.14793
12	6	for	4.34425
12	7	hours	5.21849
12	8	and	3.56212
12	9	hours	4.11381
12	10	confessed	15.1811
12	11	to	1.03149
12	12	crimes	7.09845
12	13	they	5.23518
12	14	never	5.56372
12	15	committed	7.3085
13	1	The	1.87813
13	2	business	7.74693
13	3	expanded	8.49761
13	4	into	5.52099
13	5	an	3.99547
13	6	empire	5.92085
13	7	was	12.5846
13	8	sold	4.37508
13	9	for	2.76855
13	10	billions	9.2724
13	11	of	0.563819
13	12	dollars	0.0286745
14	1	The	1.9794
14	2	business	7.73412
14	3	that	4.61995
14	4	was	2.8866
14	5	expanded	7.78112
14	6	into	4.99407
14	7	an	5.11452
14	8	empire	5.75157
14	9	was	2.63192
14	10	sold	5.01212
14	11	for	2.85113
14	12	billions	8.9044
14	13	of	0.390756
14	14	dollars	0.0353231
15	1	The	1.86018
15	2	business	7.67609
15	3	grown	16.181
15	4	into	5.67966
15	5	an	3.61489
15	6	empire	6.87327
15	7	was	12.0318
15	8	sold	4.68492
15	9	for	2.81025
15	10	billions	8.80744
15	11	of	0.421647
15	12	dollars	0.0457863
16	1	The	1.70926
16	2	business	7.8032
16	3	that	12.69
16	4	was	4.11943
16	5	grown	9.81889
16	6	into	5.43065
16	7	an	3.86523
16	8	empire	6.86111
16	9	was	11.1653
16	10	sold	4.57538
16	11	for	2.85957
16	12	billions	8.55582
16	13	of	0.865861
16	14	dollars	0.0372071
17	1	The	1.97189
17	2	mice	11.6565
17	3	consumed	9.34181
17	4	rapidly	11.0129
17	5	and	4.81731
17	6	entirely	10.9442
17	7	were	13.4952
17	8	carrying	8.21717
17	9	a	2.79506
17	10	rare	6.67653
17	11	bacteria	7.8338
18	1	The	1.8159
18	2	mice	11.6579
18	3	that	5.22214
18	4	were	3.79224
18	5	consumed	5.98316
18	6	rapidly	10.838
18	7	and	2.00222
18	8	entirely	10.115
18	9	were	3.92284
18	10	carrying	7.27062
18	11	a	2.79903
18	12	rare	7.05394
18	13	bacteria	7.69268
19	1	The	1.78505
19	2	mice	11.5239
19	3	consumed	9.19903
19	4	rapidly	10.0827
19	5	and	1.76227
19	6	entirely	10.2972
19	7	were	5.41942
19	8	carrying	7.53348
19	9	a	2.37661
19	10	rare	6.45581
19	11	bacteria	8.0987
20	1	The	1.91267
20	2	mice	11.6871
20	3	that	4.25619
20	4	were	3.93946
20	5	consumed	5.96516
20	6	rapidly	10.3411
20	7	and	2.38314
20	8	entirely	8.76942
20	9	were	10.7968
20	10	carrying	7.58003
20	11	a	3.12009
20	12	rare	6.97024
20	13	bacteria	7.77282
21	1	The	1.89224
21	2	lawyer	8.23215
21	3	pledged	9.76345
21	4	to	0.3926
21	5	keep	4.92906
21	6	silent	9.70737
21	7	was	10.3581
21	8	discovered	8.53081
21	9	to	3.76884
21	10	have	3.36434
21	11	broken	5.69252
21	12	his	4.04545
21	13	promise	7.35218
22	1	The	1.81856
22	2	lawyer	8.2676
22	3	that	10.8194
22	4	was	3.17409
22	5	pledged	10.2602
22	6	to	0.408381
22	7	keep	5.13253
22	8	silent	9.15631
22	9	was	3.46108
22	10	discovered	8.06489
22	11	to	1.44955
22	12	have	2.31653
22	13	broken	6.53825
22	14	his	3.67746
22	15	promise	7.31389
23	1	The	1.84571
23	2	lawyer	8.24935
23	3	committed	10.3422
23	4	to	2.0532
23	5	keep	5.0175
23	6	silent	8.74788
23	7	was	10.941
23	8	discovered	9.14566
23	9	to	2.67857
23	10	have	2.55501
23	11	broken	5.60652
23	12	his	3.51501
23	13	promise	7.52305
24	1	The	2.00862
24	2	lawyer	8.21907
24	3	who	13.9192
24	4	was	5.7809
24	5	committed	8.19971
24	6	to	0.184874
24	7	keep	7.5984
24	8	silent	13.7503
24	9	was	14.3025
24	10	discovered	10.2082
24	11	to	2.96993
24	12	have	3.62612
24	13	broken	5.48069
24	14	his	3.10532
24	15	promise	7.59087
25	1	The	1.81657
25	2	child	9.63755
25	3	kicked	10.1884
25	4	in	1.63451
25	5	the	2.2848
25	6	chaos	10.0697
25	7	found	6.58808
25	8	her	8.38206
25	9	way	7.77638
25	10	back	6.00602
25	11	home	6.96985
26	1	The	1.90101
26	2	child	9.67422
26	3	who	3.35733
26	4	was	3.38795
26	5	kicked	8.16441
26	6	in	1.74799
26	7	the	2.50357
26	8	chaos	10.5007
26	9	found	6.34706
26	10	her	4.22105
26	11	way	6.89695
26	12	back	5.1401
26	13	home	6.97435
27	1	The	1.82722
27	2	child	9.62867
27	3	forgotten	12.7755
27	4	in	3.45231
27	5	the	1.25359
27	6	chaos	8.65088
27	7	found	7.18187
27	8	her	5.98282
27	9	way	6.57514
27	10	back	6.84631
27	11	home	7.40135
28	1	The	1.8678
28	2	child	9.69705
28	3	who	4.74356
28	4	was	3.39168
28	5	forgotten	9.39344
28	6	in	2.37813
28	7	the	1.23547
28	8	chaos	9.1183
28	9	found	6.892
28	10	her	3.92949
28	11	way	6.65379
28	12	back	8.76681
28	13	home	9.11142
29	1	The	1.89546
29	2	horses	12.0801
29	3	UNK-LC-ed	9.07116
29	4	past	8.03672
29	5	the	1.70391
29	6	barn	9.22818
29	7	fell	12.3521
29	8	into	3.84181
29	9	a	1.78372
29	10	swamp	9.24965
30	1	The	1.84909
30	2	horses	12.0898
30	3	that	3.70102
30	4	were	3.33591
30	5	UNK-LC-ed	6.59668
30	6	past	8.08815
30	7	the	1.12484
30	8	barn	8.87596
30	9	fell	6.76082
30	10	into	3.69924
30	11	a	2.01456
30	12	swamp	9.27111
31	1	The	1.79656
31	2	horses	12.0995
31	3	taken	7.91004
31	4	past	7.63186
31	5	the	1.08716
31	6	barn	8.68206
31	7	fell	6.58833
31	8	into	3.53869
31	9	a	1.98987
31	10	swamp	9.35516
32	1	The	1.86653
32	2	horses	12.0246
32	3	that	3.40225
32	4	were	3.39164
32	5	taken	5.12175
32	6	past	7.35162
32	7	the	1.21285
32	8	barn	8.76379
32	9	fell	6.71816
32	10	into	3.74266
32	11	a	1.93059
32	12	swamp	9.32513
33	1	The	1.94124
33	2	artist	10.0946
33	3	painted	8.9176
33	4	a	1.4203
33	5	impressionist	12.2149
33	6	portrait	5.32204
33	7	was	11.3141
33	8	impressed	10.6098
33	9	with	1.29835
33	10	the	1.20411
33	11	work	7.70675
34	1	The	1.98783
34	2	artist	9.93148
34	3	who	4.64237
34	4	was	3.07805
34	5	painted	7.86544
34	6	a	4.24749
34	7	impressionist	12.8453
34	8	portrait	5.86327
34	9	was	3.70451
34	10	impressed	7.83621
34	11	with	1.13375
34	12	the	1.05345
34	13	work	7.4096
35	1	The	1.90113
35	2	artist	10.0028
35	3	drawn	12.5922
35	4	a	2.08104
35	5	impressionist	12.6091
35	6	portrait	5.66975
35	7	was	4.86387
35	8	impressed	9.21096
35	9	with	0.975358
35	10	the	1.13225
35	11	work	7.62922
36	1	The	1.96052
36	2	artist	10.0937
36	3	who	3.54384
36	4	was	3.10175
36	5	drawn	6.91478
36	6	a	5.85315
36	7	impressionist	13.5702
36	8	portrait	5.54774
36	9	was	3.95801
36	10	impressed	7.81275
36	11	with	1.25049
36	12	the	1.08307
36	13	work	7.56881
37	1	The	1.8891
37	2	car	7.84539
37	3	steered	13.496
37	4	into	2.0811
37	5	the	1.56104
37	6	parking	9.32662
37	7	lot	2.86813
37	8	crashed	16.636
37	9	into	4.42233
37	10	a	2.28848
37	11	concrete	8.30906
37	12	wall	5.3275
38	1	The	1.92601
38	2	car	7.80436
38	3	that	13.3515
38	4	was	2.67917
38	5	steered	12.0573
38	6	into	1.70804
38	7	the	1.51719
38	8	parking	9.23403
38	9	lot	2.97082
38	10	crashed	17.1617
38	11	into	3.6659
38	12	a	2.38061
38	13	concrete	8.14338
38	14	wall	5.23103
39	1	The	1.90129
39	2	car	7.92439
39	3	driven	12.5053
39	4	into	3.98506
39	5	the	1.47411
39	6	parking	8.9806
39	7	lot	2.88123
39	8	crashed	16.23
39	9	into	4.79152
39	10	a	2.2437
39	11	concrete	8.28374
39	12	wall	5.14279
40	1	The	1.8832
40	2	car	7.86474
40	3	that	13.236
40	4	was	2.75512
40	5	driven	6.98638
40	6	into	3.99802
40	7	the	1.43827
40	8	parking	9.08549
40	9	lot	2.85592
40	10	crashed	16.8523
40	11	into	4.45643
40	12	a	2.11523
40	13	concrete	8.32952
40	14	wall	5.0541
41	1	The	2.02977
41	2	campaign	7.01924
41	3	intended	10.8213
41	4	to	0.167406
41	5	be	3.47958
41	6	very	5.59114
41	7	popular	4.26297
41	8	was	14.448
41	9	still	6.2745
41	10	unsuccessful	8.20073
42	1	The	1.92675
42	2	campaign	7.04996
42	3	that	10.8061
42	4	was	3.26318
42	5	intended	6.0186
42	6	to	0.127525
42	7	be	3.75789
42	8	very	6.37131
42	9	popular	4.66323
42	10	was	12.7763
42	11	still	6.2198
42	12	unsuccessful	7.51132
43	1	The	2.09376
43	2	campaign	6.99497
43	3	known	13.4227
43	4	to	3.27417
43	5	be	2.56617
43	6	very	7.19267
43	7	popular	4.56156
43	8	was	3.20698
43	9	still	5.07935
43	10	unsuccessful	7.4789
44	1	The	1.86751
44	2	campaign	6.99624
44	3	that	10.723
44	4	was	3.72564
44	5	known	7.39401
44	6	to	2.57731
44	7	be	0.767561
44	8	very	6.58314
44	9	popular	4.39256
44	10	was	4.06441
44	11	still	6.07096
44	12	unsuccessful	7.67327
45	1	The	2.01778
45	2	student	9.35521
45	3	composed	12.6
45	4	a	2.17878
45	5	carefully	8.40317
45	6	worded	4.59802
45	7	excuse	10.1386
45	8	forgot	16.4872
45	9	to	2.06977
45	10	give	5.21863
45	11	it	3.64008
45	12	to	1.95488
45	13	the	1.12845
45	14	teacher	7.83591
46	1	The	1.973
46	2	student	9.30835
46	3	who	10.5207
46	4	was	2.94783
46	5	composed	10.0776
46	6	a	6.09202
46	7	carefully	8.184
46	8	worded	5.52578
46	9	excuse	10.4779
46	10	forgot	15.2352
46	11	to	2.12167
46	12	give	5.43704
46	13	it	3.70042
46	14	to	2.32897
46	15	the	1.30853
46	16	teacher	7.55403
47	1	The	1.80483
47	2	student	9.24026
47	3	written	10.6033
47	4	a	1.94771
47	5	carefully	8.20884
47	6	worded	3.95079
47	7	excuse	10.4019
47	8	forgot	17.2445
47	9	to	1.50294
47	10	give	4.93907
47	11	it	3.40402
47	12	to	2.40234
47	13	the	1.29359
47	14	teacher	7.63506
48	1	The	2.03197
48	2	student	9.31301
48	3	who	4.60852
48	4	was	2.90966
48	5	written	7.60964
48	6	a	4.68508
48	7	carefully	9.41114
48	8	worded	4.38205
48	9	excuse	11.1221
48	10	forgot	13.7387
48	11	to	1.16337
48	12	give	4.78852
48	13	it	2.99416
48	14	to	3.00456
48	15	the	1.39858
48	16	teacher	7.71765
49	1	The	2.01902
49	2	television	8.69488
49	3	show	3.84887
49	4	started	6.6104
49	5	three	5.66672
49	6	weeks	1.89058
49	7	ago	0.362375
49	8	was	11.0971
49	9	canceled	7.29196
49	10	immediately	6.91704
50	1	The	2.05954
50	2	television	8.74622
50	3	show	3.7664
50	4	that	12.1767
50	5	was	3.01981
50	6	started	7.76696
50	7	three	8.45305
50	8	weeks	3.29784
50	9	ago	4.68287
50	10	was	12.0105
50	11	canceled	7.34074
50	12	immediately	8.61541
51	1	The	1.94554
51	2	television	8.71283
51	3	show	3.85979
51	4	begun	11.8549
51	5	three	5.54907
51	6	weeks	1.85508
51	7	ago	0.375333
51	8	was	11.4241
51	9	canceled	7.44413
51	10	immediately	9.06281
52	1	The	1.89166
52	2	television	8.68252
52	3	show	3.85493
52	4	that	4.92776
52	5	was	2.83692
52	6	begun	7.93649
52	7	three	7.10642
52	8	weeks	1.77938
52	9	ago	0.0690107
52	10	was	5.55154
52	11	canceled	9.55766
52	12	immediately	9.28156
53	1	The	1.92861
53	2	boys	9.78521
53	3	performed	8.26211
53	4	an	5.01537
53	5	unsolicited	7.50305
53	6	favor	11.2401
53	7	appreciated	17.9696
53	8	the	3.92133
53	9	person	9.54424
53	10	who	2.16003
53	11	helped	5.37045
53	12	them	3.81732
54	1	The	1.93324
54	2	boys	9.75895
54	3	who	3.22506
54	4	were	3.18578
54	5	performed	9.36538
54	6	an	7.56748
54	7	unsolicited	8.17205
54	8	favor	10.6494
54	9	appreciated	12.4901
54	10	the	2.21372
54	11	person	9.86132
54	12	who	2.00532
54	13	helped	5.32757
54	14	them	3.7457
55	1	The	2.04389
55	2	boys	9.77777
55	3	done	10.2742
55	4	an	4.89378
55	5	unsolicited	7.55682
55	6	favor	11.4434
55	7	appreciated	17.3154
55	8	the	4.21999
55	9	person	9.12623
55	10	who	3.20269
55	11	helped	5.44983
55	12	them	3.90989
56	1	The	1.75644
56	2	boys	9.80458
56	3	who	2.99957
56	4	were	3.25698
56	5	done	8.85558
56	6	an	7.3414
56	7	unsolicited	8.12159
56	8	favor	10.8024
56	9	appreciated	12.5435
56	10	the	1.93638
56	11	person	9.54725
56	12	who	2.08519
56	13	helped	5.31327
56	14	them	4.17421
57	1	The	1.84728
57	2	player	10.3412
57	3	tossed	10.5775
57	4	the	2.34561
57	5	baseball	7.98268
57	6	dropped	18.2042
57	7	it	10.3697
57	8	on	4.08441
57	9	the	1.16693
57	10	ground	4.87759
58	1	The	2.00509
58	2	player	10.3103
58	3	who	3.2585
58	4	was	3.17405
58	5	tossed	7.90042
58	6	the	4.42892
58	7	baseball	7.72956
58	8	dropped	11.9553
58	9	it	4.01557
58	10	on	4.2102
58	11	the	1.26962
58	12	ground	4.43345
59	1	The	1.86093
59	2	player	10.4603
59	3	thrown	11.5104
59	4	the	2.56093
59	5	baseball	8.38404
59	6	dropped	18.4979
59	7	it	11.1021
59	8	on	3.8633
59	9	the	1.29362
59	10	ground	4.7131
60	1	The	1.93714
60	2	player	10.2983
60	3	who	3.95162
60	4	was	3.16681
60	5	thrown	7.11337
60	6	the	5.00672
60	7	baseball	8.14946
60	8	dropped	12.7397
60	9	it	3.92749
60	10	on	4.28469
60	11	the	1.18501
60	12	ground	4.41978
61	1	The	1.82098
61	2	child	9.64782
61	3	jumped	9.5414
61	4	past	8.38581
61	5	the	1.94621
61	6	swings	13.1604
61	7	was	13.387
61	8	upset	9.15261
61	9	about	2.43953
61	10	it	5.83319
62	1	The	1.918
62	2	child	9.65523
62	3	who	4.74359
62	4	was	3.40191
62	5	jumped	12.3168
62	6	past	7.91806
62	7	the	1.0863
62	8	swings	13.3469
62	9	was	2.17581
62	10	upset	7.93304
62	11	about	1.72644
62	12	it	5.97394
63	1	The	1.89549
63	2	child	9.67997
63	3	led	8.82985
63	4	past	9.34861
63	5	the	3.37529
63	6	swings	12.6649
63	7	was	15.003
63	8	upset	10.0265
63	9	about	3.24847
63	10	it	5.97833
64	1	The	2.04001
64	2	child	9.62192
64	3	who	4.05045
64	4	was	3.36544
64	5	led	8.92529
64	6	past	10.8133
64	7	the	1.59241
64	8	swings	13.5568
64	9	was	2.42383
64	10	upset	7.77302
64	11	about	2.10704
64	12	it	5.57674
65	1	The	1.87715
65	2	students	8.20626
65	3	prepared	9.85612
65	4	a	2.53165
65	5	fancy	9.01018
65	6	dinner	5.99945
65	7	ate	15.3395
65	8	the	3.59784
65	9	meal	9.24195
65	10	quickly	9.78341
66	1	The	1.85965
66	2	students	8.21342
66	3	who	3.22678
66	4	were	3.62829
66	5	prepared	7.79528
66	6	a	11.7589
66	7	fancy	10.6215
66	8	dinner	9.65737
66	9	ate	8.98777
66	10	the	1.85825
66	11	meal	9.24296
66	12	quickly	8.02582
67	1	The	1.90558
67	2	students	8.1979
67	3	gotten	14.4023
67	4	a	2.36279
67	5	fancy	7.51893
67	6	dinner	6.37624
67	7	ate	12.5142
67	8	the	2.68284
67	9	meal	9.1964
67	10	quickly	8.15807
68	1	The	1.90128
68	2	students	8.20028
68	3	who	2.53365
68	4	were	3.63232
68	5	gotten	11.1135
68	6	a	3.5659
68	7	fancy	7.26651
68	8	dinner	6.21861
68	9	ate	8.90686
68	10	the	1.9059
68	11	meal	9.08966
68	12	quickly	8.02448
69	1	The	1.897
69	2	infant	11.1302
69	3	fed	11.9482
69	4	during	11.1144
69	5	the	0.769763
69	6	night	5.91125
69	7	yelled	12.2817
69	8	intensely	10.5118
70	1	The	1.79886
70	2	infant	11.1187
70	3	that	13.9558
70	4	was	2.94904
70	5	fed	8.35971
70	6	during	6.21839
70	7	the	0.774285
70	8	night	6.07207
70	9	yelled	16.2879
70	10	intensely	12.5555
71	1	The	1.82772
71	2	infant	11.1297
71	3	aroused	13.1532
71	4	during	9.19103
71	5	the	0.927421
71	6	night	5.91624
71	7	yelled	15.0398
71	8	intensely	12.506
72	1	The	1.91939
72	2	infant	11.1189
72	3	that	8.2571
72	4	was	3.07222
72	5	aroused	10.6772
72	6	during	4.83902
72	7	the	0.577623
72	8	night	5.97827
72	9	yelled	10.7461
72	10	intensely	11.1282
73	1	The	1.91527
73	2	refugee	12.4321
73	3	sheltered	14.3712
73	4	in	5.10263
73	5	the	1.15424
73	6	basement	8.27157
73	7	departed	14.6181
73	8	during	5.53904
73	9	the	0.853076
73	10	night	5.93252
74	1	The	1.81964
74	2	refugee	12.4607
74	3	who	15.2812
74	4	was	3.56691
74	5	sheltered	10.7136
74	6	in	2.15116
74	7	the	1.4619
74	8	basement	8.10568
74	9	departed	15.2199
74	10	during	7.85241
74	11	the	0.801513
74	12	night	6.07535
75	1	The	1.95271
75	2	refugee	12.4665
75	3	hidden	14.6097
75	4	in	4.70668
75	5	the	1.24229
75	6	basement	7.29655
75	7	departed	15.6137
75	8	during	6.83268
75	9	the	0.965725
75	10	night	5.77196
76	1	The	1.89419
76	2	refugee	12.4316
76	3	who	15.5707
76	4	was	3.35263
76	5	hidden	9.96449
76	6	in	1.21997
76	7	the	1.36984
76	8	basement	6.83543
76	9	departed	16.0158
76	10	during	6.28826
76	11	the	0.95655
76	12	night	5.93528
77	1	The	2.05702
77	2	dog	11.0981
77	3	walked	8.95543
77	4	on	3.49193
77	5	the	1.01377
77	6	beach	5.29525
77	7	UNK-LC-ed	11.9052
77	8	after	5.03744
77	9	a	1.98002
77	10	bird	8.29938
78	1	The	1.8379
78	2	dog	11.0482
78	3	that	10.1824
78	4	was	2.79964
78	5	walked	12.101
78	6	on	3.11751
78	7	the	1.39751
78	8	beach	5.88453
78	9	UNK-LC-ed	10.1526
78	10	after	5.46741
78	11	a	1.54362
78	12	bird	8.25207
79	1	The	1.96236
79	2	dog	11.0377
79	3	seen	11.7383
79	4	on	6.13322
79	5	the	1.11537
79	6	beach	6.03512
79	7	UNK-LC-ed	11.0681
79	8	after	6.67968
79	9	a	1.63389
79	10	bird	8.09842
80	1	The	1.98338
80	2	dog	11.0445
80	3	that	9.89845
80	4	was	2.88274
80	5	seen	5.80252
80	6	on	4.9399
80	7	the	1.07428
80	8	beach	6.26232
80	9	UNK-LC-ed	9.54729
80	10	after	5.83548
80	11	a	1.65755
80	12	bird	8.48999
81	1	The	1.94472
81	2	ship	9.36716
81	3	steered	12.4438
81	4	off	4.7769
81	5	course	9.69854
81	6	sank	16.5917
81	7	in	3.22749
81	8	the	1.49725
81	9	storm	8.29369
82	1	The	1.85787
82	2	ship	9.33388
82	3	that	12.6552
82	4	was	3.42781
82	5	steered	11.4512
82	6	off	4.98993
82	7	course	10.6327
82	8	sank	17.1892
82	9	in	2.70013
82	10	the	1.28949
82	11	storm	8.27693
83	1	The	2.00968
83	2	ship	9.31269
83	3	blown	12.2831
83	4	off	3.53014
83	5	course	9.88031
83	6	sank	9.85623
83	7	in	2.32242
83	8	the	1.35984
83	9	storm	8.28537
84	1	The	1.96864
84	2	ship	9.37036
84	3	that	3.92432
84	4	was	2.54036
84	5	blown	7.5441
84	6	off	3.0463
84	7	course	10.5791
84	8	sank	9.5917
84	9	in	2.388
84	10	the	1.3367
84	11	storm	8.25825
85	1	The	1.87461
85	2	fans	10.477
85	3	cheered	8.79251
85	4	at	4.68223
85	5	the	1.07942
85	6	concert	6.71215
85	7	took	9.01676
85	8	photos	9.00114
85	9	with	3.79909
85	10	their	3.97054
85	11	phones	8.76208
86	1	The	1.8079
86	2	fans	10.4432
86	3	that	8.55453
86	4	were	3.63688
86	5	cheered	7.68037
86	6	at	5.18521
86	7	the	0.861886
86	8	concert	6.70138
86	9	took	6.59764
86	10	photos	9.17276
86	11	with	3.69006
86	12	their	3.89872
86	13	phones	8.43071
87	1	The	1.91973
87	2	fans	10.428
87	3	UNK-LC-ed	8.64968
87	4	at	4.39068
87	5	the	1.06122
87	6	concert	6.87038
87	7	took	8.62847
87	8	photos	8.86224
87	9	with	3.99844
87	10	their	3.78422
87	11	phones	8.58071
88	1	The	2.00429
88	2	fans	10.4221
88	3	that	8.34419
88	4	were	3.48868
88	5	UNK-LC-ed	7.04216
88	6	at	3.57661
88	7	the	1.11155
88	8	concert	7.18448
88	9	took	9.08967
88	10	photos	8.80716
88	11	with	3.68205
88	12	their	3.95976
88	13	phones	8.64343
89	1	The	1.93477
89	2	boat	10.2058
89	3	steered	11.9352
89	4	to	2.48919
89	5	the	1.12641
89	6	sea	5.76498
89	7	disappeared	15.0472
89	8	in	2.97273
89	9	the	1.51697
89	10	storm	8.53818
90	1	The	1.9355
90	2	boat	10.3204
90	3	that	9.85929
90	4	was	3.6001
90	5	steered	11.4654
90	6	in	2.53175
90	7	the	1.39267
90	8	sea	7.24646
90	9	disappeared	8.93167
90	10	in	2.24366
90	11	the	1.56323
90	12	storm	8.05819
91	1	The	1.83328
91	2	boat	10.2576
91	3	sunk	11.557
91	4	in	2.65768
91	5	the	1.75463
91	6	sea	6.88278
91	7	disappeared	14.7984
91	8	in	2.56842
91	9	the	1.5408
91	10	storm	7.7414
92	1	The	1.88248
92	2	boat	10.3198
92	3	that	9.6298
92	4	was	3.24121
92	5	sunk	9.73658
92	6	in	2.43812
92	7	the	1.56694
92	8	sea	6.75529
92	9	disappeared	14.3468
92	10	in	2.63508
92	11	the	1.38915
92	12	storm	7.82381
93	1	The	1.84025
93	2	couple	8.45751
93	3	bought	6.7042
93	4	the	2.0443
93	5	apartment	7.38186
93	6	moved	11.2648
93	7	to	1.70361
93	8	a	2.90347
93	9	different	6.66509
93	10	city	4.41667
94	1	The	1.94845
94	2	couple	8.50767
94	3	that	5.91696
94	4	was	2.61738
94	5	bought	6.31162
94	6	the	5.20767
94	7	apartment	7.55517
94	8	moved	8.54273
94	9	to	1.55393
94	10	a	2.70038
94	11	different	5.89678
94	12	city	4.57028
95	1	The	2.0339
95	2	couple	8.48699
95	3	shown	9.44208
95	4	the	2.26956
95	5	apartment	10.5809
95	6	moved	8.36227
95	7	to	1.73111
95	8	a	2.63146
95	9	different	5.71585
95	10	city	5.0494
96	1	The	1.88416
96	2	couple	8.48849
96	3	that	9.26538
96	4	was	2.50901
96	5	shown	7.10981
96	6	the	4.69026
96	7	apartment	9.87248
96	8	moved	8.01413
96	9	to	1.80949
96	10	a	2.41285
96	11	different	5.79362
96	12	city	4.89487
97	1	The	1.76889
97	2	girl	10.6501
97	3	made	5.68862
97	4	a	1.17655
97	5	new	3.92737
97	6	blanket	8.42135
97	7	lost	10.3195
97	8	it	8.13587
97	9	during	5.02523
97	10	the	0.724201
97	11	trip	6.97009
98	1	The	1.92882
98	2	girl	10.5848
98	3	who	2.32382
98	4	was	2.89
98	5	made	6.11939
98	6	a	4.64844
98	7	new	4.1791
98	8	blanket	9.14972
98	9	lost	7.72333
98	10	it	4.58551
98	11	during	5.14605
98	12	the	0.932332
98	13	trip	6.62328
99	1	The	1.88284
99	2	girl	10.711
99	3	given	7.58167
99	4	a	2.28174
99	5	new	4.03034
99	6	blanket	8.8516
99	7	lost	7.94549
99	8	it	4.78826
99	9	during	5.21174
99	10	the	0.820568
99	11	trip	6.69999
100	1	The	2.00092
100	2	girl	10.6564
100	3	who	3.00746
100	4	was	2.86998
100	5	given	5.24067
100	6	a	1.68775
100	7	new	4.0087
100	8	blanket	8.74766
100	9	lost	8.058
100	10	it	5.41754
100	11	during	5.29989
100	12	the	0.917872
100	13	trip	6.56584
101	1	The	1.72645
101	2	airplane	11.3507
101	3	landed	7.92614
101	4	in	1.46506
101	5	the	1.68326
101	6	mountains	6.34001
101	7	broke	9.88481
101	8	down	2.64799
101	9	during	4.76295
101	10	the	0.975662
101	11	ice	9.84475
101	12	storm	7.35005
102	1	The	1.97099
102	2	airplane	11.2698
102	3	that	13.3271
102	4	was	3.07663
102	5	landed	9.58667
102	6	in	1.08225
102	7	the	1.73044
102	8	mountains	6.57519
102	9	broke	12.8847
102	10	down	2.97011
103	1	The	1.81328
103	2	airplane	11.2896
103	3	flown	11.8636
103	4	in	2.87559
103	5	the	2.15949
103	6	mountains	7.59066
103	7	broke	12.0453
103	8	down	3.53518
103	9	during	4.42535
103	10	the	0.750861
103	11	ice	10.047
103	12	storm	7.35033
104	1	The	1.8382
104	2	airplane	11.3012
104	3	that	12.9688
104	4	was	3.1333
104	5	flown	8.81815
104	6	in	2.3236
104	7	the	2.0237
104	8	mountains	7.95933
104	9	broke	12.8338
104	10	down	3.6716
104	11	during	4.24147
104	12	the	0.791705
104	13	ice	10.0117
104	14	storm	7.17012
105	1	The	1.86711
105	2	child	9.63626
105	3	carried	9.04534
105	4	down	6.04298
105	5	the	1.6894
105	6	hall	7.12838
105	7	yelled	15.5258
105	8	at	3.72041
105	9	the	1.32946
105	10	top	6.11006
105	11	of	1.31194
105	12	his	3.08091
105	13	lungs	8.19142
106	1	The	1.81438
106	2	child	9.7151
106	3	that	6.65117
106	4	was	3.43496
106	5	carried	6.97984
106	6	down	5.10393
106	7	the	2.69199
106	8	hall	5.19195
106	9	yelled	10.6194
106	10	at	3.51421
106	11	the	1.24802
106	12	top	5.7282
106	13	of	2.03898
106	14	his	3.23504
106	15	lungs	8.14618
107	1	The	2.03406
107	2	child	9.66278
107	3	borne	13.5737
107	4	down	5.33406
107	5	the	1.58901
107	6	hall	9.30994
107	7	yelled	14.4579
107	8	at	3.30634
107	9	the	1.18756
107	10	top	6.18506
107	11	of	1.08785
107	12	his	3.0192
107	13	lungs	8.06376
108	1	The	1.80545
108	2	child	9.71006
108	3	that	7.36219
108	4	was	3.40112
108	5	borne	10.2917
108	6	down	5.12087
108	7	the	2.23505
108	8	hall	5.2663
108	9	yelled	10.548
108	10	at	3.41307
108	11	the	1.11913
108	12	top	5.80962
108	13	of	1.5183
108	14	his	3.03763
108	15	lungs	8.2856
