sentence_id	token_id	token	surprisal
1	1	The	1.74768
1	2	woman	8.43431
1	3	brought	7.63024
1	4	the	2.13755
1	5	sandwich	9.99112
1	6	from	3.48478
1	7	the	1.35874
1	8	kitchen	5.32136
1	9	fell	9.59279
1	10	in	2.81016
1	11	the	1.76083
1	12	dining	7.84652
1	13	room	0.773046
2	1	The	1.815
2	2	woman	8.41317
2	3	who	3.00485
2	4	was	2.90699
2	5	brought	6.01355
2	6	the	4.15043
2	7	sandwich	10.121
2	8	from	3.90109
2	9	the	1.12237
2	10	kitchen	5.32208
2	11	fell	8.08904
2	12	in	3.00005
2	13	the	1.80493
2	14	dining	7.81941
2	15	room	0.728298
3	1	The	1.97709
3	2	woman	8.49353
3	3	given	8.05244
3	4	the	1.99814
3	5	sandwich	10.1691
3	6	from	5.37372
3	7	the	1.15591
3	8	kitchen	5.96827
3	9	fell	7.81846
3	10	in	2.87306
3	11	the	1.66664
3	12	dining	7.80771
3	13	room	0.7504
4	1	The	1.78882
4	2	woman	8.42121
4	3	who	2.66842
4	4	was	2.8688
4	5	given	5.14504
4	6	the	1.95302
4	7	sandwich	10.4004
4	8	from	5.57278
4	9	the	1.14581
4	10	kitchen	6.07807
4	11	fell	7.64003
4	12	in	2.86289
4	13	the	1.72954
4	14	dining	7.88496
4	15	room	0.739736
5	1	The	2.01189
5	2	convict	12.9509
5	3	walked	9.05447
5	4	into	1.90184
5	5	the	1.05162
5	6	dark	6.03127
5	7	cell	9.13477
5	8	tried	14.1287
5	9	to	1.43073
5	10	escape	4.98743
5	11	but	10.6915
5	12	failed	8.97117
6	1	The	1.89802
6	2	convict	12.9294
6	3	who	13.1419
6	4	was	3.32062
6	5	walked	10.7846
6	6	into	2.10593
6	7	the	1.08051
6	8	dark	5.99817
6	9	cell	9.14656
6	10	tried	15.2222
6	11	to	1.27393
6	12	escape	5.1737
6	13	but	12.6043
6	14	failed	10.0214
7	1	The	1.9072
7	2	convict	12.9922
7	3	taken	11.5874
7	4	into	5.32135
7	5	the	1.39604
7	6	dark	6.60136
7	7	cell	9.10843
7	8	tried	12.7644
7	9	to	0.818934
7	10	escape	5.17636
7	11	but	9.15325
7	12	failed	10.0587
8	1	The	1.77817
8	2	convict	13.0122
8	3	who	13.0503
8	4	was	3.68847
8	5	taken	5.35269
8	6	into	2.56874
8	7	the	1.35686
8	8	dark	7.12619
8	9	cell	9.40303
8	10	tried	14.5207
8	11	to	1.02464
8	12	escape	5.15418
8	13	but	9.30584
8	14	failed	10.5735
9	1	The	2.04059
9	2	prisoners	11.8352
9	3	hit	7.51648
9	4	for	6.77001
9	5	hours	6.10622
9	6	and	3.3811
9	7	hours	2.88806
9	8	confessed	12.1785
9	9	to	0.43315
9	10	crimes	7.32093
9	11	they	5.3934
9	12	never	4.73843
9	13	committed	7.34148
10	1	The	1.8004
10	2	prisoners	11.873
10	3	who	4.87445
10	4	were	3.25975
10	5	hit	7.03677
10	6	for	4.95698
10	7	hours	5.46818
10	8	and	2.63991
10	9	hours	3.55432
10	10	confessed	11.0432
10	11	to	0.717539
10	12	crimes	7.19789
10	13	they	5.32439
10	14	never	4.22248
10	15	committed	7.33335
11	1	The	1.85792
11	2	prisoners	11.8458
11	3	beaten	10.9063
11	4	for	5.99822
11	5	hours	5.97669
11	6	and	5.39292
11	7	hours	5.64313
11	8	confessed	13.9306
11	9	to	1.17443
11	10	crimes	7.30092
11	11	they	4.6155
11	12	never	4.21548
11	13	committed	7.37379
12	1	The	1.89956
12	2	prisoners	11.8264
12	3	who	4.18134
12	4	were	3.21575
12	5	beaten	6.96007
12	6	for	4.37025
12	7	hours	5.62365
12	8	and	4.05265
12	9	hours	1.83111
12	10	confessed	10.8721
12	11	to	0.726299
12	12	crimes	7.23986
12	13	they	13.7328
12	14	never	6.14574
12	15	committed	8.27849
13	1	The	1.77823
13	2	business	7.75159
13	3	expanded	8.36919
13	4	into	5.64483
13	5	an	3.98603
13	6	empire	5.85506
13	7	was	11.3696
13	8	sold	3.69067
13	9	for	2.84806
13	10	billions	9.0732
13	11	of	0.543359
13	12	dollars	0.0296597
14	1	The	1.89879
14	2	business	7.72368
14	3	that	10.989
14	4	was	4.1085
14	5	expanded	9.12407
14	6	into	5.62366
14	7	an	4.46269
14	8	empire	5.97183
14	9	was	4.34094
14	10	sold	5.28236
14	11	for	2.9476
14	12	billions	8.58583
14	13	of	0.325597
14	14	dollars	0.0304689
15	1	The	1.95849
15	2	business	7.74069
15	3	grown	15.8448
15	4	into	5.27928
15	5	an	3.61994
15	6	empire	6.74232
15	7	was	11.3931
15	8	sold	3.8995
15	9	for	2.99646
15	10	billions	8.67703
15	11	of	0.671243
15	12	dollars	0.074501
16	1	The	1.89461
16	2	business	7.72449
16	3	that	11.2687
16	4	was	3.69834
16	5	grown	10.036
16	6	into	6.17145
16	7	an	5.64828
16	8	empire	6.52738
16	9	was	2.23355
16	10	sold	5.52266
16	11	for	2.79666
16	12	billions	8.51953
16	13	of	0.652019
16	14	dollars	0.0449442
17	1	The	1.89595
17	2	mice	11.617
17	3	consumed	9.05668
17	4	rapidly	10.8704
17	5	and	2.43869
17	6	entirely	8.96949
17	7	were	10.2252
17	8	carrying	7.35843
17	9	a	3.02131
17	10	rare	6.83449
17	11	bacteria	7.65983
18	1	The	1.88709
18	2	mice	11.5389
18	3	that	5.35469
18	4	were	3.89942
18	5	consumed	6.09559
18	6	rapidly	14.2541
18	7	and	8.38156
18	8	entirely	10.1918
18	9	were	5.28575
18	10	carrying	7.29798
18	11	a	2.39034
18	12	rare	6.36098
18	13	bacteria	7.93074
19	1	The	1.87771
19	2	mice	11.6016
19	3	consumed	8.86555
19	4	rapidly	11.7675
19	5	and	3.18081
19	6	entirely	9.43612
19	7	were	6.46037
19	8	carrying	7.57286
19	9	a	2.51863
19	10	rare	6.46604
19	11	bacteria	7.93597
20	1	The	1.8787
20	2	mice	11.6449
20	3	that	3.74541
20	4	were	3.85351
20	5	consumed	6.24306
20	6	rapidly	10.7842
20	7	and	3.9737
20	8	entirely	9.78648
20	9	were	4.27439
20	10	carrying	7.07703
20	11	a	2.13672
20	12	rare	6.05067
20	13	bacteria	8.09772
21	1	The	1.98422
21	2	lawyer	8.24814
21	3	pledged	9.75055
21	4	to	0.56393
21	5	keep	4.91386
21	6	silent	9.51626
21	7	was	12.9246
21	8	discovered	8.60127
21	9	to	3.15927
21	10	have	3.30478
21	11	broken	5.88286
21	12	his	3.79086
21	13	promise	7.2817
22	1	The	1.96419
22	2	lawyer	8.1546
22	3	that	10.2925
22	4	was	2.87295
22	5	pledged	10.2675
22	6	to	0.505476
22	7	keep	5.11803
22	8	silent	13.7155
22	9	was	14.4955
22	10	discovered	9.9752
22	11	to	6.15954
22	12	have	8.08455
22	13	broken	5.42465
22	14	his	4.57595
22	15	promise	7.44142
23	1	The	1.95386
23	2	lawyer	8.27695
23	3	committed	10.9049
23	4	to	1.85941
23	5	keep	5.4197
23	6	silent	13.5088
23	7	was	14.1343
23	8	discovered	10.3758
23	9	to	3.49911
23	10	have	3.93919
23	11	broken	5.78334
23	12	his	3.52868
23	13	promise	7.43723
24	1	The	1.90635
24	2	lawyer	8.18009
24	3	who	4.61089
24	4	was	3.0811
24	5	committed	7.8326
24	6	to	0.0657572
24	7	keep	11.7504
24	8	silent	13.6716
24	9	was	5.24636
24	10	discovered	8.14831
24	11	to	1.3494
24	12	have	2.03101
24	13	broken	6.34536
24	14	his	2.91862
24	15	promise	7.50717
25	1	The	1.85264
25	2	child	9.6435
25	3	kicked	10.1996
25	4	in	1.64151
25	5	the	2.10365
25	6	chaos	10.1431
25	7	found	7.17276
25	8	her	6.36517
25	9	way	7.18153
25	10	back	5.66338
25	11	home	7.10028
26	1	The	1.8488
26	2	child	9.61344
26	3	who	14.2258
26	4	was	4.9913
26	5	kicked	8.43569
26	6	in	1.97056
26	7	the	2.44043
26	8	chaos	10.0812
26	9	found	6.4201
26	10	her	5.45478
26	11	way	6.7577
26	12	back	8.91216
26	13	home	7.20894
27	1	The	2.05063
27	2	child	9.72006
27	3	forgotten	12.7985
27	4	in	3.50908
27	5	the	1.27731
27	6	chaos	8.83394
27	7	found	8.45297
27	8	her	10.1967
27	9	way	6.20221
27	10	back	5.70286
27	11	home	7.1013
28	1	The	1.88445
28	2	child	9.63871
28	3	who	4.74356
28	4	was	3.38662
28	5	forgotten	9.28669
28	6	in	2.58306
28	7	the	1.2057
28	8	chaos	8.95501
28	9	found	6.69736
28	10	her	4.29373
28	11	way	6.55577
28	12	back	7.54076
28	13	home	6.76523
29	1	The	1.80249
29	2	horses	12.0649
29	3	UNK-LC-ed	8.84145
29	4	past	7.86858
29	5	the	1.56215
29	6	barn	8.89433
29	7	fell	9.6352
29	8	into	3.55875
29	9	a	1.9365
29	10	swamp	9.17541
30	1	The	1.93495
30	2	horses	12.089
30	3	that	4.08029
30	4	were	3.32588
30	5	UNK-LC-ed	6.48399
30	6	past	8.1777
30	7	the	1.19329
30	8	barn	8.92043
30	9	fell	6.68818
30	10	into	3.74439
30	11	a	1.89409
30	12	swamp	9.2066
31	1	The	1.98007
31	2	horses	12.0933
31	3	taken	8.12868
31	4	past	7.65028
31	5	the	1.28392
31	6	barn	8.49096
31	7	fell	6.85206
31	8	into	3.50444
31	9	a	1.97809
31	10	swamp	9.25044
32	1	The	1.9174
32	2	horses	12.1134
32	3	that	3.39002
32	4	were	3.28353
32	5	taken	5.21371
32	6	past	7.42131
32	7	the	1.0794
32	8	barn	8.67678
32	9	fell	6.68894
32	10	into	4.1104
32	11	a	1.9591
32	12	swamp	9.28568
33	1	The	2.12195
33	2	artist	10.0883
33	3	painted	8.47847
33	4	a	1.56304
33	5	impressionist	12.2748
33	6	portrait	5.62096
33	7	was	11.3553
33	8	impressed	9.80061
33	9	with	1.32879
33	10	the	1.24031
33	11	work	7.65365
34	1	The	1.9738
34	2	artist	9.99167
34	3	who	14.0844
34	4	was	3.65481
34	5	painted	7.8914
34	6	a	4.154
34	7	impressionist	13.0172
34	8	portrait	5.93152
34	9	was	2.69107
34	10	impressed	9.77815
34	11	with	1.48067
34	12	the	1.06699
34	13	work	7.6506
35	1	The	1.91111
35	2	artist	10.0981
35	3	drawn	12.3877
35	4	a	2.136
35	5	impressionist	12.8755
35	6	portrait	5.34969
35	7	was	11.6764
35	8	impressed	10.0229
35	9	with	1.30185
35	10	the	1.07595
35	11	work	7.62575
36	1	The	1.77198
36	2	artist	10.1316
36	3	who	3.94928
36	4	was	3.06444
36	5	drawn	7.05371
36	6	a	5.03796
36	7	impressionist	13.3414
36	8	portrait	5.64718
36	9	was	3.60832
36	10	impressed	7.83615
36	11	with	1.2516
36	12	the	1.10118
36	13	work	7.55967
37	1	The	1.8636
37	2	car	7.87334
37	3	steered	13.5764
37	4	into	2.41905
37	5	the	1.54032
37	6	parking	9.20125
37	7	lot	3.03925
37	8	crashed	16.7681
37	9	into	4.36644
37	10	a	2.17511
37	11	concrete	8.21719
37	12	wall	5.36565
38	1	The	1.91287
38	2	car	7.85061
38	3	that	13.4119
38	4	was	2.86996
38	5	steered	12.1398
38	6	into	1.77065
38	7	the	1.51238
38	8	parking	9.21147
38	9	lot	2.95885
38	10	crashed	16.8495
38	11	into	3.82521
38	12	a	2.39447
38	13	concrete	8.08994
38	14	wall	5.23496
39	1	The	2.11777
39	2	car	7.87008
39	3	driven	11.0382
39	4	into	3.28022
39	5	the	1.29713
39	6	parking	8.98256
39	7	lot	3.11943
39	8	crashed	10.4959
39	9	into	4.37862
39	10	a	2.0473
39	11	concrete	8.35156
39	12	wall	5.01131
40	1	The	1.91144
40	2	car	7.98236
40	3	that	10.3989
40	4	was	3.35072
40	5	driven	7.51611
40	6	into	3.90964
40	7	the	1.42169
40	8	parking	9.09019
40	9	lot	3.09519
40	10	crashed	11.129
40	11	into	4.08045
40	12	a	1.89806
40	13	concrete	8.47043
40	14	wall	5.07143
41	1	The	1.78244
41	2	campaign	6.9534
41	3	intended	10.5992
41	4	to	0.11569
41	5	be	3.47874
41	6	very	6.31435
41	7	popular	4.32133
41	8	was	13.656
41	9	still	6.29455
41	10	unsuccessful	8.37573
42	1	The	1.85487
42	2	campaign	6.95826
42	3	that	10.6683
42	4	was	3.86082
42	5	intended	4.47584
42	6	to	0.650627
42	7	be	3.30933
42	8	very	8.45305
42	9	popular	4.74892
42	10	was	3.39744
42	11	still	5.58541
42	12	unsuccessful	7.36598
43	1	The	1.87294
43	2	campaign	7.00592
43	3	known	10.0787
43	4	to	2.39852
43	5	be	0.894538
43	6	very	7.10739
43	7	popular	4.54213
43	8	was	2.62552
43	9	still	5.48543
43	10	unsuccessful	7.55364
44	1	The	1.95111
44	2	campaign	7.04879
44	3	that	12.7606
44	4	was	4.40862
44	5	known	8.28652
44	6	to	2.48791
44	7	be	1.07174
44	8	very	5.77598
44	9	popular	4.52891
44	10	was	10.558
44	11	still	9.59786
44	12	unsuccessful	7.24913
45	1	The	1.89329
45	2	student	9.29328
45	3	composed	11.7845
45	4	a	2.29905
45	5	carefully	8.27555
45	6	worded	4.53683
45	7	excuse	10.2856
45	8	forgot	15.3948
45	9	to	2.6694
45	10	give	5.1798
45	11	it	3.56676
45	12	to	2.45101
45	13	the	1.25017
45	14	teacher	7.62336
46	1	The	1.78709
46	2	student	9.29388
46	3	who	3.91639
46	4	was	2.99537
46	5	composed	9.23824
46	6	a	6.7295
46	7	carefully	9.37719
46	8	worded	5.83248
46	9	excuse	11.0063
46	10	forgot	9.51073
46	11	to	1.43028
46	12	give	4.85292
46	13	it	3.16591
46	14	to	2.09527
46	15	the	1.17917
46	16	teacher	7.57361
47	1	The	1.83104
47	2	student	9.29803
47	3	written	10.5458
47	4	a	1.79672
47	5	carefully	9.56673
47	6	worded	3.95009
47	7	excuse	10.3872
47	8	forgot	15.7106
47	9	to	1.43397
47	10	give	4.86894
47	11	it	3.64043
47	12	to	2.55236
47	13	the	1.2687
47	14	teacher	7.83116
48	1	The	1.83976
48	2	student	9.25512
48	3	who	3.91655
48	4	was	2.92253
48	5	written	7.7386
48	6	a	4.92691
48	7	carefully	7.81543
48	8	worded	5.5149
48	9	excuse	10.8551
48	10	forgot	11.0613
48	11	to	1.30752
48	12	give	4.75344
48	13	it	3.034
48	14	to	2.52701
48	15	the	1.47058
48	16	teacher	7.54366
49	1	The	1.86138
49	2	television	8.6897
49	3	show	3.86859
49	4	started	6.60954
49	5	three	5.71235
49	6	weeks	1.84364
49	7	ago	0.293816
49	8	was	11.6893
49	9	canceled	7.51437
49	10	immediately	12.6843
50	1	The	1.84908
50	2	television	8.68858
50	3	show	3.85758
50	4	that	9.84883
50	5	was	2.91845
50	6	started	7.27054
50	7	three	6.14838
50	8	weeks	1.91225
50	9	ago	0.464547
50	10	was	12.4439
50	11	canceled	7.18814
50	12	immediately	7.43399
51	1	The	1.99456
51	2	television	8.65861
51	3	show	3.91513
51	4	begun	9.73632
51	5	three	6.15684
51	6	weeks	1.70202
51	7	ago	0.0672697
51	8	was	1.87266
51	9	canceled	6.15144
51	10	immediately	12.2936
52	1	The	1.97021
52	2	television	8.68241
52	3	show	3.89425
52	4	that	4.63057
52	5	was	2.59425
52	6	begun	6.70208
52	7	three	7.02422
52	8	weeks	1.7603
52	9	ago	0.0538
52	10	was	1.61234
52	11	canceled	6.51245
52	12	immediately	8.76317
53	1	The	1.8778
53	2	boys	9.84961
53	3	performed	8.22567
53	4	an	5.15878
53	5	unsolicited	7.55241
53	6	favor	11.2121
53	7	appreciated	17.3044
53	8	the	4.89854
53	9	person	9.75458
53	10	who	1.60407
53	11	helped	5.32474
53	12	them	4.21987
54	1	The	2.02497
54	2	boys	9.79926
54	3	who	2.82111
54	4	were	3.25826
54	5	performed	9.12237
54	6	an	8.10316
54	7	unsolicited	8.16757
54	8	favor	10.6598
54	9	appreciated	13.4814
54	10	the	2.16332
54	11	person	9.76781
54	12	who	1.87294
54	13	helped	5.34225
54	14	them	3.69166
55	1	The	1.97328
55	2	boys	9.76473
55	3	done	10.3712
55	4	an	5.0165
55	5	unsolicited	7.61249
55	6	favor	11.5123
55	7	appreciated	17.7091
55	8	the	4.17524
55	9	person	10.0017
55	10	who	2.34983
55	11	helped	5.38651
55	12	them	4.01556
56	1	The	1.75857
56	2	boys	9.82858
56	3	who	3.00268
56	4	were	3.20095
56	5	done	8.79323
56	6	an	7.22914
56	7	unsolicited	8.06333
56	8	favor	10.5584
56	9	appreciated	13.0125
56	10	the	2.06895
56	11	person	9.68363
56	12	who	2.08373
56	13	helped	5.27515
56	14	them	3.73331
57	1	The	1.82601
57	2	player	10.4832
57	3	tossed	10.6546
57	4	the	2.36437
57	5	baseball	8.01609
57	6	dropped	18.2321
57	7	it	11.132
57	8	on	4.01574
57	9	the	1.11257
57	10	ground	4.74
58	1	The	1.85084
58	2	player	10.352
58	3	who	4.64475
58	4	was	3.12404
58	5	tossed	7.82688
58	6	the	4.09842
58	7	baseball	7.77366
58	8	dropped	12.6481
58	9	it	4.19941
58	10	on	4.26831
58	11	the	1.24451
58	12	ground	4.5109
59	1	The	1.80117
59	2	player	10.4
59	3	thrown	10.8334
59	4	the	3.13393
59	5	baseball	8.42182
59	6	dropped	17.6966
59	7	it	8.79966
59	8	on	3.36466
59	9	the	1.10259
59	10	ground	4.6043
60	1	The	1.89415
60	2	player	10.4822
60	3	who	4.64402
60	4	was	3.1271
60	5	thrown	6.94364
60	6	the	5.40965
60	7	baseball	8.14953
60	8	dropped	12.7418
60	9	it	3.98866
60	10	on	4.33556
60	11	the	1.24338
60	12	ground	4.44352
61	1	The	1.73379
61	2	child	9.70239
61	3	jumped	9.42374
61	4	past	8.13488
61	5	the	1.69993
61	6	swings	13.1636
61	7	was	14.1811
61	8	upset	10.0133
61	9	about	4.42035
61	10	it	5.68581
62	1	The	1.74504
62	2	child	9.65283
62	3	who	4.80447
62	4	was	3.26288
62	5	jumped	12.4794
62	6	past	7.98728
62	7	the	1.11419
62	8	swings	13.2312
62	9	was	2.3359
62	10	upset	7.37717
62	11	about	1.92108
62	12	it	5.14057
63	1	The	1.91216
63	2	child	9.66115
63	3	led	9.17965
63	4	past	9.22986
63	5	the	3.4463
63	6	swings	12.8893
63	7	was	13.7599
63	8	upset	9.18618
63	9	about	3.49269
63	10	it	5.63224
64	1	The	2.03727
64	2	child	9.68184
64	3	who	14.302
64	4	was	4.84132
64	5	led	8.35451
64	6	past	10.4416
64	7	the	2.93523
64	8	swings	12.9758
64	9	was	5.7508
64	10	upset	8.07863
64	11	about	2.16155
64	12	it	5.93984
65	1	The	1.76715
65	2	students	8.29927
65	3	prepared	9.59512
65	4	a	2.64445
65	5	fancy	8.97523
65	6	dinner	6.03524
65	7	ate	15.1927
65	8	the	2.98889
65	9	meal	9.2737
65	10	quickly	8.96345
66	1	The	1.80603
66	2	students	8.1968
66	3	who	3.51386
66	4	were	3.6621
66	5	prepared	7.71936
66	6	a	14.0863
66	7	fancy	11.0017
66	8	dinner	7.77746
66	9	ate	9.17312
66	10	the	1.8867
66	11	meal	9.14024
66	12	quickly	8.57066
67	1	The	1.87896
67	2	students	8.16766
67	3	gotten	14.626
67	4	a	2.36523
67	5	fancy	7.45608
67	6	dinner	6.38287
67	7	ate	12.3647
67	8	the	3.27977
67	9	meal	9.22598
67	10	quickly	9.34448
68	1	The	1.86771
68	2	students	8.16136
68	3	who	13.4849
68	4	were	5.03101
68	5	gotten	11.4669
68	6	a	3.05472
68	7	fancy	7.25463
68	8	dinner	6.24749
68	9	ate	15.9641
68	10	the	2.23223
68	11	meal	9.27526
68	12	quickly	9.49131
69	1	The	1.91424
69	2	infant	11.153
69	3	fed	12.3209
69	4	during	8.52723
69	5	the	0.892194
69	6	night	5.82983
69	7	yelled	15.9279
69	8	intensely	15.1042
70	1	The	1.89497
70	2	infant	11.1406
70	3	that	14.3799
70	4	was	2.87845
70	5	fed	7.78117
70	6	during	6.23975
70	7	the	0.747654
70	8	night	6.03684
70	9	yelled	16.5926
70	10	intensely	14.7484
71	1	The	1.87334
71	2	infant	11.096
71	3	aroused	13.3926
71	4	during	10.6764
71	5	the	0.582638
71	6	night	5.76485
71	7	yelled	11.2062
71	8	intensely	10.0863
72	1	The	1.88919
72	2	infant	11.0874
72	3	that	14.3584
72	4	was	3.25675
72	5	aroused	10.3912
72	6	during	5.07061
72	7	the	0.838322
72	8	night	6.07266
72	9	yelled	15.73
72	10	intensely	15.109
73	1	The	1.93351
73	2	refugee	12.386
73	3	sheltered	13.2734
73	4	in	3.56353
73	5	the	0.972579
73	6	basement	8.47961
73	7	departed	11.8915
73	8	during	5.0568
73	9	the	0.816725
73	10	night	5.90098
74	1	The	1.84981
74	2	refugee	12.4513
74	3	who	15.2061
74	4	was	4.0738
74	5	sheltered	10.6283
74	6	in	2.44366
74	7	the	1.34544
74	8	basement	7.99451
74	9	departed	14.7949
74	10	during	5.28452
74	11	the	0.655187
74	12	night	6.15104
75	1	The	1.92725
75	2	refugee	12.4351
75	3	hidden	14.5128
75	4	in	4.81564
75	5	the	1.23829
75	6	basement	7.38607
75	7	departed	15.3909
75	8	during	6.11807
75	9	the	0.813538
75	10	night	5.71912
76	1	The	1.9791
76	2	refugee	12.4514
76	3	who	14.8558
76	4	was	3.74432
76	5	hidden	9.91683
76	6	in	1.34354
76	7	the	1.33118
76	8	basement	6.82987
76	9	departed	15.6604
76	10	during	6.493
76	11	the	1.00729
76	12	night	6.06949
77	1	The	1.86856
77	2	dog	11.0745
77	3	walked	8.70007
77	4	on	3.66798
77	5	the	1.10206
77	6	beach	5.33497
77	7	UNK-LC-ed	11.6837
77	8	after	5.10805
77	9	a	1.96115
77	10	bird	8.14972
78	1	The	2.00618
78	2	dog	11.0791
78	3	that	9.79705
78	4	was	2.57502
78	5	walked	12.2893
78	6	on	3.28675
78	7	the	1.53073
78	8	beach	5.85191
78	9	UNK-LC-ed	12.5418
78	10	after	5.44604
78	11	a	1.57736
78	12	bird	8.38262
79	1	The	2.00528
79	2	dog	11.0775
79	3	seen	8.33165
79	4	on	4.13064
79	5	the	0.85217
79	6	beach	5.80189
79	7	UNK-LC-ed	7.82709
79	8	after	6.83005
79	9	a	1.79136
79	10	bird	8.36608
80	1	The	1.86362
80	2	dog	11.062
80	3	that	6.19615
80	4	was	3.07196
80	5	seen	6.06256
80	6	on	4.55455
80	7	the	0.908813
80	8	beach	5.71686
80	9	UNK-LC-ed	9.17172
80	10	after	6.39859
80	11	a	1.80291
80	12	bird	8.48177
81	1	The	1.7607
81	2	ship	9.33204
81	3	steered	12.5435
81	4	off	5.27137
81	5	course	9.77504
81	6	sank	17.0241
81	7	in	2.82885
81	8	the	1.43986
81	9	storm	8.71501
82	1	The	1.84497
82	2	ship	9.37719
82	3	that	10.6395
82	4	was	3.23207
82	5	steered	11.3488
82	6	off	5.20148
82	7	course	10.8055
82	8	sank	12.3944
82	9	in	2.72832
82	10	the	1.47297
82	11	storm	8.56845
83	1	The	1.92478
83	2	ship	9.37293
83	3	blown	12.6768
83	4	off	3.5004
83	5	course	9.32477
83	6	sank	10.6405
83	7	in	2.48173
83	8	the	1.58656
83	9	storm	8.2689
84	1	The	1.92409
84	2	ship	9.31795
84	3	that	3.23088
84	4	was	2.4689
84	5	blown	7.60102
84	6	off	3.07787
84	7	course	10.3289
84	8	sank	9.52867
84	9	in	2.74679
84	10	the	1.52467
84	11	storm	8.19036
85	1	The	1.85873
85	2	fans	10.4324
85	3	cheered	8.69976
85	4	at	5.56869
85	5	the	1.27693
85	6	concert	6.76782
85	7	took	14.5545
85	8	photos	9.68187
85	9	with	3.90061
85	10	their	3.81669
85	11	phones	8.68116
86	1	The	1.94643
86	2	fans	10.4177
86	3	that	8.6677
86	4	were	3.37283
86	5	cheered	7.51949
86	6	at	5.05616
86	7	the	1.26591
86	8	concert	7.07635
86	9	took	7.73211
86	10	photos	8.99775
86	11	with	3.68393
86	12	their	3.94336
86	13	phones	8.51089
87	1	The	1.9267
87	2	fans	10.448
87	3	UNK-LC-ed	8.8958
87	4	at	4.24326
87	5	the	1.17337
87	6	concert	6.7287
87	7	took	15.0632
87	8	photos	9.02633
87	9	with	3.72601
87	10	their	3.74795
87	11	phones	8.60616
88	1	The	1.91789
88	2	fans	10.4329
88	3	that	8.58322
88	4	were	3.56822
88	5	UNK-LC-ed	6.81127
88	6	at	3.62584
88	7	the	0.950907
88	8	concert	7.03808
88	9	took	6.63525
88	10	photos	8.98187
88	11	with	3.8864
88	12	their	3.90367
88	13	phones	8.54171
89	1	The	1.89941
89	2	boat	10.2471
89	3	steered	11.8001
89	4	to	2.34546
89	5	the	1.22262
89	6	sea	5.79519
89	7	disappeared	15.092
89	8	in	2.75872
89	9	the	1.50001
89	10	storm	8.05806
90	1	The	1.80147
90	2	boat	10.214
90	3	that	13.4585
90	4	was	2.92423
90	5	steered	11.4979
90	6	in	2.7404
90	7	the	1.83939
90	8	sea	7.35908
90	9	disappeared	14.9234
90	10	in	3.44974
90	11	the	1.51892
90	12	storm	8.1733
91	1	The	1.97065
91	2	boat	10.1858
91	3	sunk	11.4506
91	4	in	2.71324
91	5	the	1.80717
91	6	sea	6.96956
91	7	disappeared	15.0564
91	8	in	3.00588
91	9	the	1.48274
91	10	storm	7.7914
92	1	The	1.92124
92	2	boat	10.2665
92	3	that	10.4284
92	4	was	3.0583
92	5	sunk	10.3503
92	6	in	2.63953
92	7	the	1.66266
92	8	sea	6.94362
92	9	disappeared	14.9895
92	10	in	3.72431
92	11	the	1.24378
92	12	storm	7.83676
93	1	The	1.77536
93	2	couple	8.51771
93	3	bought	6.6669
93	4	the	2.14995
93	5	apartment	7.31264
93	6	moved	14.0254
93	7	to	1.75324
93	8	a	2.83312
93	9	different	7.06804
93	10	city	4.2653
94	1	The	2.01452
94	2	couple	8.49834
94	3	that	9.75407
94	4	was	2.34886
94	5	bought	7.76439
94	6	the	5.65476
94	7	apartment	8.45094
94	8	moved	13.0797
94	9	to	1.72406
94	10	a	2.64824
94	11	different	6.72907
94	12	city	4.22778
95	1	The	1.94731
95	2	couple	8.53184
95	3	shown	9.55645
95	4	the	2.48463
95	5	apartment	10.1667
95	6	moved	8.14776
95	7	to	1.83027
95	8	a	2.36031
95	9	different	5.87125
95	10	city	4.84161
96	1	The	1.94106
96	2	couple	8.52188
96	3	that	9.5534
96	4	was	2.34632
96	5	shown	7.26094
96	6	the	4.57298
96	7	apartment	10.571
96	8	moved	8.41519
96	9	to	1.76428
96	10	a	2.37829
96	11	different	5.89562
96	12	city	4.91017
97	1	The	1.88851
97	2	girl	10.6525
97	3	made	5.75958
97	4	a	1.27019
97	5	new	3.9321
97	6	blanket	8.44156
97	7	lost	9.88073
97	8	it	8.17336
97	9	during	5.17042
97	10	the	0.698805
97	11	trip	6.88466
98	1	The	1.9764
98	2	girl	10.5987
98	3	who	2.31427
98	4	was	2.85535
98	5	made	6.10694
98	6	a	3.53529
98	7	new	4.38661
98	8	blanket	9.20815
98	9	lost	8.10205
98	10	it	4.52233
98	11	during	5.08526
98	12	the	0.80798
98	13	trip	6.65071
99	1	The	1.77558
99	2	girl	10.5384
99	3	given	7.73313
99	4	a	2.18865
99	5	new	4.03606
99	6	blanket	8.81602
99	7	lost	8.17566
99	8	it	5.23308
99	9	during	5.14691
99	10	the	0.907884
99	11	trip	6.74526
100	1	The	1.87345
100	2	girl	10.6776
100	3	who	3.51828
100	4	was	2.84733
100	5	given	5.33747
100	6	a	1.69875
100	7	new	4.03926
100	8	blanket	8.75855
100	9	lost	7.85929
100	10	it	4.8582
100	11	during	5.13474
100	12	the	0.914548
100	13	trip	6.61715
101	1	The	1.89361
101	2	airplane	11.3667
101	3	landed	8.04495
101	4	in	1.34905
101	5	the	1.66565
101	6	mountains	6.41785
101	7	broke	12.9785
101	8	down	2.78925
101	9	during	4.51273
101	10	the	0.941182
101	11	ice	10.0492
101	12	storm	7.41451
102	1	The	1.82715
102	2	airplane	11.348
102	3	that	13.3611
102	4	was	2.89314
102	5	landed	10.0348
102	6	in	1.09573
102	7	the	1.70952
102	8	mountains	6.85706
102	9	broke	13.2147
102	10	down	3.56085
103	1	The	1.82481
103	2	airplane	11.3905
103	3	flown	11.3892
103	4	in	2.79076
103	5	the	1.73955
103	6	mountains	7.67355
103	7	broke	8.07771
103	8	down	2.27393
103	9	during	5.06446
103	10	the	0.86438
103	11	ice	9.86104
103	12	storm	7.35192
104	1	The	1.90906
104	2	airplane	11.3612
104	3	that	12.993
104	4	was	3.03995
104	5	flown	8.32121
104	6	in	2.1524
104	7	the	1.90786
104	8	mountains	7.91032
104	9	broke	12.5269
104	10	down	4.81713
104	11	during	4.43269
104	12	the	0.711497
104	13	ice	10.348
104	14	storm	7.40073
105	1	The	1.86522
105	2	child	9.68606
105	3	carried	8.92043
105	4	down	5.93579
105	5	the	1.73773
105	6	hall	7.74619
105	7	yelled	15.7735
105	8	at	3.74493
105	9	the	1.19058
105	10	top	6.3315
105	11	of	1.72076
105	12	his	3.02898
105	13	lungs	7.87242
106	1	The	1.89137
106	2	child	9.65301
106	3	that	5.94081
106	4	was	3.29133
106	5	carried	6.82818
106	6	down	5.10589
106	7	the	3.66442
106	8	hall	5.337
106	9	yelled	10.8533
106	10	at	3.60599
106	11	the	1.17081
106	12	top	5.71274
106	13	of	1.96699
106	14	his	3.14596
106	15	lungs	8.18673
107	1	The	2.10094
107	2	child	9.68384
107	3	borne	13.245
107	4	down	5.3789
107	5	the	1.45324
107	6	hall	7.05972
107	7	yelled	10.6212
107	8	at	3.56473
107	9	the	1.16321
107	10	top	5.9098
107	11	of	1.08612
107	12	his	3.06712
107	13	lungs	8.269
108	1	The	2.03538
108	2	child	9.634
108	3	that	5.98126
108	4	was	3.39285
108	5	borne	10.5192
108	6	down	5.24779
108	7	the	3.18014
108	8	hall	5.29177
108	9	yelled	10.6543
108	10	at	3.5936
108	11	the	1.1364
108	12	top	5.83271
108	13	of	1.96582
108	14	his	3.14802
108	15	lungs	8.36624
