sentence_id	token_id	token	surprisal
1	1	The	1.77038
1	2	woman	8.34268
1	3	brought	7.43058
1	4	the	1.7853
1	5	sandwich	11.3869
1	6	from	6.27604
1	7	the	1.40622
1	8	kitchen	8.21667
1	9	fell	16.163
1	10	in	3.41899
1	11	the	2.37098
1	12	dining	16.5443
1	13	room	4.39614
2	1	The	1.6777
2	2	woman	8.35349
2	3	who	12.9463
2	4	was	3.97313
2	5	brought	6.47877
2	6	the	3.96857
2	7	sandwich	12.8373
2	8	from	3.36313
2	9	the	1.62026
2	10	kitchen	8.82994
2	11	fell	14.8762
2	12	in	2.60503
2	13	the	2.26157
2	14	dining	15.6839
2	15	room	4.71319
3	1	The	1.58017
3	2	woman	8.71001
3	3	given	10.7426
3	4	the	1.61357
3	5	sandwich	11.8288
3	6	from	3.78296
3	7	the	1.78612
3	8	kitchen	8.31137
3	9	fell	15.2627
3	10	in	3.25856
3	11	the	2.19332
3	12	dining	15.9197
3	13	room	3.74239
4	1	The	1.77068
4	2	woman	8.5246
4	3	who	12.3343
4	4	was	3.56106
4	5	given	5.21976
4	6	the	1.81058
4	7	sandwich	11.9336
4	8	from	5.59043
4	9	the	1.33782
4	10	kitchen	8.46767
4	11	fell	15.4035
4	12	in	2.79182
4	13	the	2.27814
4	14	dining	15.2712
4	15	room	3.89586
5	1	The	1.7325
5	2	convict	15.5893
5	3	walked	21.1785
5	4	into	6.40832
5	5	the	1.3642
5	6	dark	7.6642
5	7	cell	11.1592
5	8	tried	10.7015
5	9	to	0.435487
5	10	escape	6.80517
5	11	but	11.3627
5	12	failed	11.5767
6	1	The	1.69619
6	2	convict	15.4339
6	3	who	12.3518
6	4	was	3.19038
6	5	walked	12.1932
6	6	into	1.97427
6	7	the	1.49066
6	8	dark	6.36522
6	9	cell	10.3475
6	10	tried	14.836
6	11	to	3.69912
6	12	escape	6.86626
6	13	but	8.07088
6	14	failed	11.4026
7	1	The	1.80774
7	2	convict	15.5894
7	3	taken	16.9757
7	4	into	11.0287
7	5	the	1.98185
7	6	dark	6.4334
7	7	cell	11.3296
7	8	tried	9.22775
7	9	to	0.344294
7	10	escape	6.74087
7	11	but	11.2339
7	12	failed	12.7929
8	1	The	1.80261
8	2	convict	15.4218
8	3	who	12.6358
8	4	was	4.72865
8	5	taken	6.56657
8	6	into	3.72202
8	7	the	1.75706
8	8	dark	6.56307
8	9	cell	10.7183
8	10	tried	14.7896
8	11	to	1.45297
8	12	escape	6.9744
8	13	but	12.4551
8	14	failed	10.8738
9	1	The	1.99601
9	2	prisoners	14.2659
9	3	hit	8.63521
9	4	for	5.22785
9	5	hours	8.95721
9	6	and	4.0923
9	7	hours	8.72395
9	8	confessed	11.2979
9	9	to	0.593661
9	10	crimes	11.5588
9	11	they	11.3753
9	12	never	10.4395
9	13	committed	5.55806
10	1	The	1.74315
10	2	prisoners	14.5062
10	3	who	12.2189
10	4	were	6.9251
10	5	hit	7.65514
10	6	for	4.89918
10	7	hours	7.93837
10	8	and	3.27897
10	9	hours	10.787
10	10	confessed	11.3414
10	11	to	0.614241
10	12	crimes	11.3481
10	13	they	13.9177
10	14	never	11.3244
10	15	committed	8.65092
11	1	The	1.79222
11	2	prisoners	14.2854
11	3	beaten	12.5813
11	4	for	4.73956
11	5	hours	8.86325
11	6	and	4.65559
11	7	hours	8.59959
11	8	confessed	14.0718
11	9	to	0.0644121
11	10	crimes	10.4078
11	11	they	13.4963
11	12	never	8.43103
11	13	committed	7.15602
12	1	The	1.81579
12	2	prisoners	14.2669
12	3	who	12.7397
12	4	were	7.35115
12	5	beaten	9.10418
12	6	for	4.69665
12	7	hours	8.0897
12	8	and	3.4117
12	9	hours	7.24737
12	10	confessed	15.3167
12	11	to	2.34875
12	12	crimes	10.5524
12	13	they	5.86295
12	14	never	8.74974
12	15	committed	8.52206
13	1	The	1.81945
13	2	business	7.97223
13	3	expanded	8.72093
13	4	into	5.38199
13	5	an	3.90199
13	6	empire	15.25
13	7	was	13.0001
13	8	sold	4.55615
13	9	for	2.55355
13	10	billions	9.01455
13	11	of	0.0634727
13	12	dollars	2.27796
14	1	The	1.75757
14	2	business	8.05212
14	3	that	10.3641
14	4	was	6.77936
14	5	expanded	7.36755
14	6	into	4.92823
14	7	an	3.9422
14	8	empire	16.2225
14	9	was	9.71367
14	10	sold	3.46404
14	11	for	2.55398
14	12	billions	8.91392
14	13	of	0.0786471
14	14	dollars	2.25826
15	1	The	1.66019
15	2	business	7.96952
15	3	grown	15.1623
15	4	into	5.60131
15	5	an	3.90629
15	6	empire	17.4532
15	7	was	12.4614
15	8	sold	5.13665
15	9	for	2.67104
15	10	billions	8.69763
15	11	of	0.210985
15	12	dollars	2.21384
16	1	The	1.8565
16	2	business	8.18721
16	3	that	4.58846
16	4	was	3.34876
16	5	grown	7.96245
16	6	into	4.35567
16	7	an	5.07548
16	8	empire	16.8274
16	9	was	1.92362
16	10	sold	4.61343
16	11	for	2.75258
16	12	billions	8.88625
16	13	of	0.248752
16	14	dollars	2.02747
17	1	The	1.75527
17	2	mice	13.1759
17	3	consumed	9.37331
17	4	rapidly	9.24762
17	5	and	4.96827
17	6	entirely	10.5841
17	7	were	5.60068
17	8	carrying	9.52212
17	9	a	1.88729
17	10	rare	7.25076
17	11	bacteria	10.5577
18	1	The	1.90872
18	2	mice	13.2677
18	3	that	5.9953
18	4	were	3.64926
18	5	consumed	8.30533
18	6	rapidly	8.23645
18	7	and	1.93964
18	8	entirely	10.4217
18	9	were	9.4081
18	10	carrying	8.32187
18	11	a	2.69983
18	12	rare	7.11136
18	13	bacteria	10.4718
19	1	The	1.7811
19	2	mice	13.0158
19	3	consumed	9.92253
19	4	rapidly	9.24163
19	5	and	7.80107
19	6	entirely	7.57435
19	7	were	9.69242
19	8	carrying	8.48354
19	9	a	2.70006
19	10	rare	7.42073
19	11	bacteria	10.6584
20	1	The	1.651
20	2	mice	13.2272
20	3	that	5.99133
20	4	were	3.676
20	5	consumed	8.18266
20	6	rapidly	7.77131
20	7	and	7.28833
20	8	entirely	7.20691
20	9	were	6.05068
20	10	carrying	9.91131
20	11	a	2.18688
20	12	rare	7.07099
20	13	bacteria	10.4578
21	1	The	1.70845
21	2	lawyer	10.4005
21	3	pledged	7.75275
21	4	to	1.60794
21	5	keep	4.43149
21	6	silent	13.205
21	7	was	15.2821
21	8	discovered	10.1461
21	9	to	5.34414
21	10	have	12.8155
21	11	broken	9.15267
21	12	his	7.95136
21	13	promise	7.59094
22	1	The	1.69813
22	2	lawyer	10.3181
22	3	that	6.57187
22	4	was	3.25549
22	5	pledged	9.04241
22	6	to	1.221
22	7	keep	4.97027
22	8	silent	11.1284
22	9	was	4.04691
22	10	discovered	7.90651
22	11	to	3.254
22	12	have	4.4963
22	13	broken	7.72944
22	14	his	6.58804
22	15	promise	7.59867
23	1	The	1.83201
23	2	lawyer	10.3574
23	3	committed	11.5048
23	4	to	3.60156
23	5	keep	13.8212
23	6	silent	12.5035
23	7	was	15.3121
23	8	discovered	10.0938
23	9	to	4.02994
23	10	have	6.47427
23	11	broken	7.53031
23	12	his	5.00957
23	13	promise	7.50372
24	1	The	1.87407
24	2	lawyer	10.3981
24	3	who	13.0261
24	4	was	4.23158
24	5	committed	7.35369
24	6	to	0.39473
24	7	keep	14.0981
24	8	silent	13.2416
24	9	was	13.2205
24	10	discovered	8.06249
24	11	to	4.09902
24	12	have	5.22173
24	13	broken	7.96297
24	14	his	4.7297
24	15	promise	7.84475
25	1	The	1.66608
25	2	child	10.3143
25	3	kicked	10.3564
25	4	in	2.55051
25	5	the	2.19816
25	6	chaos	10.2543
25	7	found	9.42439
25	8	her	10.9176
25	9	way	8.46494
25	10	back	8.87464
25	11	home	5.92244
26	1	The	1.85745
26	2	child	10.1879
26	3	who	12.9865
26	4	was	4.63146
26	5	kicked	9.55919
26	6	in	2.46496
26	7	the	3.57736
26	8	chaos	10.4504
26	9	found	9.77244
26	10	her	9.27653
26	11	way	8.2954
26	12	back	7.47913
26	13	home	9.25742
27	1	The	1.55595
27	2	child	9.53883
27	3	forgotten	12.5594
27	4	in	2.42372
27	5	the	1.74376
27	6	chaos	12.3782
27	7	found	7.25962
27	8	her	6.25513
27	9	way	6.9988
27	10	back	7.36603
27	11	home	8.48727
28	1	The	1.76774
28	2	child	9.62811
28	3	who	4.60388
28	4	was	3.66143
28	5	forgotten	8.57515
28	6	in	2.58722
28	7	the	1.96326
28	8	chaos	12.1344
28	9	found	7.01483
28	10	her	5.29897
28	11	way	7.44183
28	12	back	6.96572
28	13	home	6.55246
29	1	The	1.85207
29	2	horses	13.4431
29	3	UNK-LC-ed	6.29133
29	4	past	8.12707
29	5	the	3.3261
29	6	barn	9.46365
29	7	fell	14.3327
29	8	into	3.43704
29	9	a	2.03336
29	10	swamp	14.5201
30	1	The	1.76871
30	2	horses	13.8244
30	3	that	4.71715
30	4	were	3.12807
30	5	UNK-LC-ed	3.96433
30	6	past	7.87
30	7	the	3.37188
30	8	barn	9.50036
30	9	fell	7.46352
30	10	into	3.54705
30	11	a	1.77725
30	12	swamp	13.6944
31	1	The	1.82975
31	2	horses	13.2511
31	3	taken	10.2198
31	4	past	8.94566
31	5	the	4.00757
31	6	barn	9.46689
31	7	fell	15.3341
31	8	into	4.06368
31	9	a	2.14616
31	10	swamp	14.4413
32	1	The	1.9726
32	2	horses	12.0999
32	3	that	4.58959
32	4	were	11.2863
32	5	taken	6.89525
32	6	past	7.80746
32	7	the	3.87835
32	8	barn	9.11515
32	9	fell	7.73902
32	10	into	3.58343
32	11	a	1.87335
32	12	swamp	13.8456
33	1	The	1.81891
33	2	artist	9.86291
33	3	painted	10.3439
33	4	a	1.55658
33	5	impressionist	15.7991
33	6	portrait	11.8712
33	7	was	11.4227
33	8	impressed	8.81091
33	9	with	4.24868
33	10	the	1.76834
33	11	work	7.81751
34	1	The	1.75664
34	2	artist	9.53533
34	3	who	2.8207
34	4	was	4.20783
34	5	painted	7.58458
34	6	a	5.42554
34	7	impressionist	16.4624
34	8	portrait	12.1054
34	9	was	3.99279
34	10	impressed	7.56843
34	11	with	1.77579
34	12	the	1.76053
34	13	work	7.50122
35	1	The	1.76185
35	2	artist	9.91021
35	3	drawn	10.8849
35	4	a	2.59053
35	5	impressionist	16.7439
35	6	portrait	11.4305
35	7	was	11.5419
35	8	impressed	9.62812
35	9	with	3.00558
35	10	the	1.7201
35	11	work	7.66969
36	1	The	1.68877
36	2	artist	9.4745
36	3	who	3.51372
36	4	was	4.23989
36	5	drawn	8.05004
36	6	a	10.4464
36	7	impressionist	15.5021
36	8	portrait	11.803
36	9	was	4.14331
36	10	impressed	7.34665
36	11	with	1.45665
36	12	the	1.84907
36	13	work	7.28059
37	1	The	1.96486
37	2	car	9.07861
37	3	steered	11.3029
37	4	into	4.49514
37	5	the	1.51739
37	6	parking	7.26901
37	7	lot	3.94286
37	8	crashed	15.281
37	9	into	6.7858
37	10	a	1.79172
37	11	concrete	7.52507
37	12	wall	5.64898
38	1	The	1.7973
38	2	car	9.13342
38	3	that	9.9324
38	4	was	3.73426
38	5	steered	10.8015
38	6	into	2.7386
38	7	the	1.59638
38	8	parking	7.73103
38	9	lot	3.91478
38	10	crashed	16.1694
38	11	into	6.57436
38	12	a	1.90883
38	13	concrete	7.53092
38	14	wall	5.60838
39	1	The	1.75952
39	2	car	8.9696
39	3	driven	12.3008
39	4	into	5.35156
39	5	the	1.51032
39	6	parking	7.66338
39	7	lot	3.82035
39	8	crashed	13.4531
39	9	into	7.16321
39	10	a	2.07811
39	11	concrete	7.85999
39	12	wall	5.39049
40	1	The	1.89589
40	2	car	9.08367
40	3	that	14.6552
40	4	was	4.30285
40	5	driven	7.94635
40	6	into	3.38953
40	7	the	1.57138
40	8	parking	7.65947
40	9	lot	3.43466
40	10	crashed	16.0025
40	11	into	6.71075
40	12	a	1.90831
40	13	concrete	7.74496
40	14	wall	5.7146
41	1	The	1.91191
41	2	campaign	7.34983
41	3	intended	8.97299
41	4	to	0.0837793
41	5	be	2.97695
41	6	very	8.79105
41	7	popular	7.59672
41	8	was	14.1996
41	9	still	7.69215
41	10	unsuccessful	15.2015
42	1	The	1.7508
42	2	campaign	7.50448
42	3	that	10.1857
42	4	was	5.71245
42	5	intended	7.5849
42	6	to	0.0822429
42	7	be	2.94345
42	8	very	8.65288
42	9	popular	8.67005
42	10	was	14.177
42	11	still	9.4242
42	12	unsuccessful	13.9672
43	1	The	1.80691
43	2	campaign	7.2576
43	3	known	8.72021
43	4	to	2.78647
43	5	be	2.38095
43	6	very	7.82882
43	7	popular	7.18109
43	8	was	4.60254
43	9	still	5.51974
43	10	unsuccessful	9.98413
44	1	The	1.75627
44	2	campaign	7.5418
44	3	that	11.9119
44	4	was	6.65415
44	5	known	8.72872
44	6	to	2.17941
44	7	be	2.34957
44	8	very	7.65419
44	9	popular	7.38938
44	10	was	13.7807
44	11	still	8.04542
44	12	unsuccessful	10.7233
45	1	The	1.74713
45	2	student	9.99901
45	3	composed	12.3448
45	4	a	5.05219
45	5	carefully	8.50054
45	6	worded	9.02676
45	7	excuse	10.8439
45	8	forgot	17.2785
45	9	to	2.81734
45	10	give	5.85416
45	11	it	2.49412
45	12	to	2.52722
45	13	the	1.5729
45	14	teacher	11.611
46	1	The	1.73685
46	2	student	10.0104
46	3	who	5.52442
46	4	was	3.23495
46	5	composed	6.76772
46	6	a	7.55982
46	7	carefully	11.7722
46	8	worded	8.33932
46	9	excuse	14.8055
46	10	forgot	13.3198
46	11	to	4.59005
46	12	give	5.21275
46	13	it	2.65624
46	14	to	2.81007
46	15	the	1.86431
46	16	teacher	11.5486
47	1	The	1.72872
47	2	student	10.1834
47	3	written	9.75425
47	4	a	5.86283
47	5	carefully	15.4993
47	6	worded	11.3451
47	7	excuse	15.7137
47	8	forgot	15.3161
47	9	to	5.68176
47	10	give	13.8119
47	11	it	4.61655
47	12	to	2.57775
47	13	the	1.72716
47	14	teacher	11.5414
48	1	The	1.73946
48	2	student	10.0237
48	3	who	11.7841
48	4	was	3.48731
48	5	written	6.2598
48	6	a	4.86697
48	7	carefully	11.0877
48	8	worded	8.96846
48	9	excuse	9.82352
48	10	forgot	16.4276
48	11	to	3.2158
48	12	give	6.6994
48	13	it	2.52153
48	14	to	3.09384
48	15	the	1.5133
48	16	teacher	11.2654
49	1	The	1.77645
49	2	television	8.87714
49	3	show	4.96306
49	4	started	6.61515
49	5	three	7.33222
49	6	weeks	4.17418
49	7	ago	7.48067
49	8	was	8.98547
49	9	canceled	8.54237
49	10	immediately	13.1161
50	1	The	1.77849
50	2	television	8.92813
50	3	show	4.87908
50	4	that	11.8448
50	5	was	6.29017
50	6	started	6.85843
50	7	three	7.92311
50	8	weeks	3.41344
50	9	ago	6.62355
50	10	was	13.3433
50	11	canceled	8.66526
50	12	immediately	16.3311
51	1	The	1.73462
51	2	television	8.64069
51	3	show	4.8847
51	4	begun	9.63736
51	5	three	9.35118
51	6	weeks	4.58737
51	7	ago	7.15004
51	8	was	6.27262
51	9	canceled	9.8257
51	10	immediately	14.4012
52	1	The	1.84215
52	2	television	8.85234
52	3	show	5.06161
52	4	that	4.04079
52	5	was	3.22933
52	6	begun	8.64153
52	7	three	6.6658
52	8	weeks	2.67668
52	9	ago	0.0875906
52	10	was	3.07959
52	11	canceled	7.51106
52	12	immediately	12.3047
53	1	The	1.73806
53	2	boys	9.88138
53	3	performed	10.2646
53	4	an	6.85086
53	5	unsolicited	7.77975
53	6	favor	14.1503
53	7	appreciated	12.76
53	8	the	7.75035
53	9	person	9.60621
53	10	who	4.23957
53	11	helped	5.50046
53	12	them	5.06263
54	1	The	1.792
54	2	boys	9.86053
54	3	who	2.84636
54	4	were	3.25795
54	5	performed	9.14689
54	6	an	9.46881
54	7	unsolicited	7.89295
54	8	favor	13.046
54	9	appreciated	11.4205
54	10	the	3.37128
54	11	person	8.58389
54	12	who	3.56355
54	13	helped	5.91182
54	14	them	4.87218
55	1	The	1.88032
55	2	boys	9.81736
55	3	done	10.6245
55	4	an	3.9764
55	5	unsolicited	8.30242
55	6	favor	12.8906
55	7	appreciated	12.486
55	8	the	6.70179
55	9	person	9.2574
55	10	who	3.54269
55	11	helped	5.54894
55	12	them	5.56332
56	1	The	1.82745
56	2	boys	9.96873
56	3	who	3.02959
56	4	were	3.19968
56	5	done	6.81323
56	6	an	8.29762
56	7	unsolicited	8.3034
56	8	favor	12.063
56	9	appreciated	11.5895
56	10	the	2.81297
56	11	person	8.46512
56	12	who	9.91872
56	13	helped	13.3239
56	14	them	7.36112
57	1	The	1.75428
57	2	player	11.9857
57	3	tossed	10.6265
57	4	the	2.0103
57	5	baseball	7.69486
57	6	dropped	18.4172
57	7	it	9.62115
57	8	on	3.80614
57	9	the	1.37738
57	10	ground	6.20714
58	1	The	1.90399
58	2	player	12.0058
58	3	who	6.17715
58	4	was	3.48581
58	5	tossed	7.791
58	6	the	5.666
58	7	baseball	7.51054
58	8	dropped	17.6866
58	9	it	10.1104
58	10	on	3.93529
58	11	the	1.17384
58	12	ground	6.20496
59	1	The	1.76478
59	2	player	12.0032
59	3	thrown	10.9206
59	4	the	2.69745
59	5	baseball	7.44663
59	6	dropped	18.3988
59	7	it	11.244
59	8	on	2.99214
59	9	the	1.28978
59	10	ground	6.20556
60	1	The	1.72538
60	2	player	11.8407
60	3	who	13.1907
60	4	was	3.87827
60	5	thrown	6.97184
60	6	the	6.12598
60	7	baseball	7.72306
60	8	dropped	17.3808
60	9	it	11.0061
60	10	on	3.89115
60	11	the	1.42144
60	12	ground	6.2456
61	1	The	1.82897
61	2	child	10.0454
61	3	jumped	10.6133
61	4	past	10.2805
61	5	the	4.69689
61	6	swings	12.5827
61	7	was	8.14978
61	8	upset	9.34906
61	9	about	2.37533
61	10	it	5.32964
62	1	The	1.74236
62	2	child	10.4066
62	3	who	13.0187
62	4	was	4.27758
62	5	jumped	12.6847
62	6	past	8.92751
62	7	the	3.90664
62	8	swings	13.7122
62	9	was	13.602
62	10	upset	11.0959
62	11	about	5.00535
62	12	it	6.07058
63	1	The	1.7168
63	2	child	9.81551
63	3	led	8.27638
63	4	past	8.76966
63	5	the	4.16827
63	6	swings	12.5818
63	7	was	12.91
63	8	upset	8.6909
63	9	about	1.86023
63	10	it	5.34842
64	1	The	1.69674
64	2	child	10.0719
64	3	who	13.9154
64	4	was	4.76087
64	5	led	7.87115
64	6	past	9.1231
64	7	the	7.87799
64	8	swings	13.0689
64	9	was	15.2989
64	10	upset	10.9002
64	11	about	4.09786
64	12	it	5.74046
65	1	The	1.80894
65	2	students	12.3534
65	3	prepared	10.8613
65	4	a	3.01451
65	5	fancy	8.492
65	6	dinner	9.88877
65	7	ate	15.6598
65	8	the	3.43362
65	9	meal	11.6955
65	10	quickly	8.50263
66	1	The	1.89144
66	2	students	12.2916
66	3	who	3.27985
66	4	were	3.45552
66	5	prepared	6.98964
66	6	a	10.061
66	7	fancy	10.722
66	8	dinner	12.9615
66	9	ate	15.4931
66	10	the	2.5355
66	11	meal	11.1614
66	12	quickly	13.7708
67	1	The	1.95643
67	2	students	12.5017
67	3	gotten	10.727
67	4	a	3.28943
67	5	fancy	8.56794
67	6	dinner	10.5134
67	7	ate	10.7617
67	8	the	2.51636
67	9	meal	11.6225
67	10	quickly	7.88601
68	1	The	1.8934
68	2	students	12.2925
68	3	who	1.82935
68	4	were	3.49719
68	5	gotten	9.63054
68	6	a	4.41191
68	7	fancy	8.39152
68	8	dinner	10.4857
68	9	ate	11.2377
68	10	the	2.59382
68	11	meal	11.6911
68	12	quickly	6.98952
69	1	The	1.88638
69	2	infant	11.0005
69	3	fed	11.9315
69	4	during	15.0726
69	5	the	1.43189
69	6	night	8.50314
69	7	yelled	15.6971
69	8	intensely	13.6226
70	1	The	1.72298
70	2	infant	11.0455
70	3	that	15.6997
70	4	was	3.98052
70	5	fed	9.62353
70	6	during	8.30204
70	7	the	1.01012
70	8	night	7.66886
70	9	yelled	16.8399
70	10	intensely	12.7846
71	1	The	1.81261
71	2	infant	11.1001
71	3	aroused	12.2242
71	4	during	10.1268
71	5	the	1.04954
71	6	night	7.19551
71	7	yelled	14.5669
71	8	intensely	12.2581
72	1	The	1.92218
72	2	infant	11.0996
72	3	that	15.3972
72	4	was	3.26279
72	5	aroused	8.55193
72	6	during	5.79093
72	7	the	0.894727
72	8	night	7.17805
72	9	yelled	15.8085
72	10	intensely	13.7649
73	1	The	1.77197
73	2	refugee	11.4599
73	3	sheltered	16.2777
73	4	in	5.66078
73	5	the	1.69475
73	6	basement	9.06707
73	7	departed	11.7072
73	8	during	5.91044
73	9	the	1.07839
73	10	night	6.88415
74	1	The	1.68522
74	2	refugee	11.1658
74	3	who	14.4093
74	4	was	3.21613
74	5	sheltered	12.3683
74	6	in	1.53008
74	7	the	2.04897
74	8	basement	10.4335
74	9	departed	16.2847
74	10	during	5.57798
74	11	the	0.9451
74	12	night	6.62651
75	1	The	1.79648
75	2	refugee	11.3844
75	3	hidden	11.4544
75	4	in	7.03606
75	5	the	1.21347
75	6	basement	9.38853
75	7	departed	10.6663
75	8	during	6.41621
75	9	the	0.996008
75	10	night	6.64835
76	1	The	1.74181
76	2	refugee	11.2347
76	3	who	14.1668
76	4	was	2.92388
76	5	hidden	9.09213
76	6	in	2.42399
76	7	the	1.88287
76	8	basement	10.2675
76	9	departed	16.6507
76	10	during	5.9612
76	11	the	0.871673
76	12	night	6.67767
77	1	The	1.85982
77	2	dog	11.5652
77	3	walked	9.20918
77	4	on	1.8682
77	5	the	2.27124
77	6	beach	7.86448
77	7	UNK-LC-ed	7.99528
77	8	after	4.76476
77	9	a	1.91095
77	10	bird	11.6478
78	1	The	1.69647
78	2	dog	11.5886
78	3	that	11.4445
78	4	was	3.28821
78	5	walked	11.2113
78	6	on	2.24178
78	7	the	1.20256
78	8	beach	8.02124
78	9	UNK-LC-ed	11.1361
78	10	after	4.07341
78	11	a	2.971
78	12	bird	11.6039
79	1	The	1.87544
79	2	dog	11.6066
79	3	seen	11.463
79	4	on	7.07375
79	5	the	2.5523
79	6	beach	8.54786
79	7	UNK-LC-ed	13.2179
79	8	after	5.4721
79	9	a	2.3655
79	10	bird	11.6441
80	1	The	1.61342
80	2	dog	11.6672
80	3	that	14.0073
80	4	was	3.58168
80	5	seen	6.21242
80	6	on	4.20641
80	7	the	1.11445
80	8	beach	8.78944
80	9	UNK-LC-ed	12.227
80	10	after	4.68916
80	11	a	2.00397
80	12	bird	11.6347
81	1	The	1.82364
81	2	ship	8.90836
81	3	steered	9.51811
81	4	off	4.54413
81	5	course	9.80031
81	6	sank	16.1009
81	7	in	4.40675
81	8	the	1.51883
81	9	storm	8.04054
82	1	The	1.8287
82	2	ship	8.84578
82	3	that	10.9181
82	4	was	3.64307
82	5	steered	10.6983
82	6	off	4.23145
82	7	course	9.06329
82	8	sank	15.7916
82	9	in	4.52126
82	10	the	1.66796
82	11	storm	8.35694
83	1	The	1.76319
83	2	ship	8.91107
83	3	blown	11.873
83	4	off	3.16555
83	5	course	10.2712
83	6	sank	16.6362
83	7	in	4.80247
83	8	the	1.5343
83	9	storm	8.55374
84	1	The	1.77656
84	2	ship	9.00378
84	3	that	10.6005
84	4	was	3.80851
84	5	blown	10.3894
84	6	off	2.56375
84	7	course	13.6947
84	8	sank	16.3141
84	9	in	3.78665
84	10	the	1.71585
84	11	storm	8.42842
85	1	The	1.83474
85	2	fans	11.4261
85	3	cheered	11.3776
85	4	at	6.66972
85	5	the	1.20825
85	6	concert	10.7464
85	7	took	14.62
85	8	photos	10.3176
85	9	with	6.50068
85	10	their	5.54511
85	11	phones	7.92019
86	1	The	1.78883
86	2	fans	11.5494
86	3	that	5.15818
86	4	were	3.04521
86	5	cheered	8.65624
86	6	at	4.82945
86	7	the	1.3865
86	8	concert	10.193
86	9	took	7.14948
86	10	photos	9.17166
86	11	with	5.53928
86	12	their	5.31446
86	13	phones	8.01495
87	1	The	1.74315
87	2	fans	11.3837
87	3	UNK-LC-ed	5.21558
87	4	at	3.90855
87	5	the	1.26506
87	6	concert	10.4377
87	7	took	15.0065
87	8	photos	11.9656
87	9	with	5.21388
87	10	their	5.37442
87	11	phones	7.94027
88	1	The	1.87202
88	2	fans	11.463
88	3	that	11.6862
88	4	were	6.30482
88	5	UNK-LC-ed	4.12421
88	6	at	3.36972
88	7	the	1.31496
88	8	concert	10.5206
88	9	took	13.4587
88	10	photos	10.2662
88	11	with	5.66356
88	12	their	5.16398
88	13	phones	7.94621
89	1	The	1.65589
89	2	boat	11.1953
89	3	steered	10.5537
89	4	to	3.12264
89	5	the	1.37868
89	6	sea	9.17765
89	7	disappeared	13.755
89	8	in	2.1687
89	9	the	1.19058
89	10	storm	9.11597
90	1	The	1.76602
90	2	boat	11.2097
90	3	that	3.47556
90	4	was	3.60552
90	5	steered	10.7118
90	6	in	4.03376
90	7	the	3.82413
90	8	sea	8.04091
90	9	disappeared	11.0465
90	10	in	2.56163
90	11	the	1.67992
90	12	storm	7.95017
91	1	The	1.90424
91	2	boat	11.3783
91	3	sunk	15.9141
91	4	in	3.09985
91	5	the	1.41161
91	6	sea	8.95917
91	7	disappeared	11.4978
91	8	in	2.44915
91	9	the	1.67876
91	10	storm	8.24752
92	1	The	1.68636
92	2	boat	11.2394
92	3	that	4.16696
92	4	was	3.59119
92	5	sunk	11.6631
92	6	in	3.14479
92	7	the	1.37747
92	8	sea	8.9832
92	9	disappeared	10.8745
92	10	in	2.45905
92	11	the	1.51904
92	12	storm	8.16797
93	1	The	1.66363
93	2	couple	8.98251
93	3	bought	11.0796
93	4	the	2.35881
93	5	apartment	11.6357
93	6	moved	13.1072
93	7	to	1.68174
93	8	a	2.10262
93	9	different	7.98116
93	10	city	6.11823
94	1	The	1.69813
94	2	couple	9.34873
94	3	that	13.4131
94	4	was	6.00412
94	5	bought	8.24833
94	6	the	7.06841
94	7	apartment	11.0897
94	8	moved	15.0229
94	9	to	1.30888
94	10	a	2.33599
94	11	different	7.60412
94	12	city	5.89105
95	1	The	1.74099
95	2	couple	9.22982
95	3	shown	11.6435
95	4	the	3.20375
95	5	apartment	10.8288
95	6	moved	9.96828
95	7	to	1.68954
95	8	a	1.99442
95	9	different	6.89141
95	10	city	6.55844
96	1	The	2.00615
96	2	couple	9.56947
96	3	that	11.4786
96	4	was	12.525
96	5	shown	8.79912
96	6	the	5.78883
96	7	apartment	9.49296
96	8	moved	13.3293
96	9	to	1.2151
96	10	a	1.92033
96	11	different	6.80169
96	12	city	6.71305
97	1	The	1.72534
97	2	girl	11.3699
97	3	made	5.5631
97	4	a	1.90583
97	5	new	4.20898
97	6	blanket	12.2517
97	7	lost	11.7498
97	8	it	9.10902
97	9	during	5.63206
97	10	the	1.08622
97	11	trip	8.08363
98	1	The	1.88426
98	2	girl	11.5548
98	3	who	11.8379
98	4	was	4.13953
98	5	made	6.53667
98	6	a	4.53122
98	7	new	3.4958
98	8	blanket	11.9619
98	9	lost	14.0779
98	10	it	13.1193
98	11	during	6.53879
98	12	the	1.24296
98	13	trip	8.32142
99	1	The	1.85759
99	2	girl	11.6077
99	3	given	10.5352
99	4	a	2.84959
99	5	new	4.05462
99	6	blanket	12.1198
99	7	lost	13.8637
99	8	it	13.3212
99	9	during	7.45194
99	10	the	1.04019
99	11	trip	8.56909
100	1	The	1.78438
100	2	girl	11.6346
100	3	who	3.25485
100	4	was	3.93913
100	5	given	6.40079
100	6	a	2.50827
100	7	new	3.47779
100	8	blanket	11.9
100	9	lost	10.9637
100	10	it	3.85979
100	11	during	5.89527
100	12	the	1.25542
100	13	trip	8.40612
101	1	The	1.81816
101	2	airplane	20.5895
101	3	landed	17.4889
101	4	in	5.1818
101	5	the	2.73401
101	6	mountains	13.9723
101	7	broke	7.74078
101	8	down	3.01341
101	9	during	6.39926
101	10	the	1.04443
101	11	ice	9.93864
101	12	storm	10.9718
102	1	The	1.67582
102	2	airplane	20.0553
102	3	that	16.9829
102	4	was	10.575
102	5	landed	12.8594
102	6	in	2.18607
102	7	the	2.31442
102	8	mountains	12.3891
102	9	broke	9.66069
102	10	down	3.54316
103	1	The	1.80733
103	2	airplane	20.218
103	3	flown	14.7074
103	4	in	3.88045
103	5	the	2.1347
103	6	mountains	13.4769
103	7	broke	7.10435
103	8	down	2.68757
103	9	during	6.19987
103	10	the	1.0144
103	11	ice	9.96626
103	12	storm	11.0899
104	1	The	1.758
104	2	airplane	19.808
104	3	that	16.8641
104	4	was	12.4171
104	5	flown	12.0531
104	6	in	6.29315
104	7	the	1.67882
104	8	mountains	12.5415
104	9	broke	8.80266
104	10	down	3.83343
104	11	during	6.39932
104	12	the	0.990037
104	13	ice	10.1327
104	14	storm	11.4155
105	1	The	1.88318
105	2	child	9.94042
105	3	carried	9.42729
105	4	down	4.21019
105	5	the	1.94269
105	6	hall	9.08033
105	7	yelled	18.7017
105	8	at	5.04547
105	9	the	1.35783
105	10	top	5.38527
105	11	of	2.82575
105	12	his	2.78459
105	13	lungs	8.45197
106	1	The	1.77901
106	2	child	9.63019
106	3	that	11.0866
106	4	was	9.47711
106	5	carried	8.902
106	6	down	2.74213
106	7	the	7.93903
106	8	hall	10.1327
106	9	yelled	15.7217
106	10	at	5.75486
106	11	the	1.23635
106	12	top	4.42153
106	13	of	1.72714
106	14	his	3.53608
106	15	lungs	8.55205
107	1	The	1.66767
107	2	child	9.76472
107	3	borne	15.0428
107	4	down	3.69734
107	5	the	2.00872
107	6	hall	9.12387
107	7	yelled	11.164
107	8	at	4.30115
107	9	the	1.65338
107	10	top	4.92499
107	11	of	1.72663
107	12	his	2.71201
107	13	lungs	8.21277
108	1	The	1.73234
108	2	child	10.0226
108	3	that	5.30548
108	4	was	3.54173
108	5	borne	10.0302
108	6	down	2.58066
108	7	the	6.01546
108	8	hall	9.1214
108	9	yelled	16.3957
108	10	at	5.69536
108	11	the	1.5553
108	12	top	4.86937
108	13	of	2.05285
108	14	his	2.78789
108	15	lungs	8.20118
