sentence_id	token_id	token	surprisal
1	1	The	1.85395
1	2	woman	8.42848
1	3	brought	7.37548
1	4	the	1.77546
1	5	sandwich	11.8439
1	6	from	2.92601
1	7	the	1.60754
1	8	kitchen	8.45718
1	9	fell	15.0373
1	10	in	3.23106
1	11	the	2.52032
1	12	dining	15.8339
1	13	room	3.902
2	1	The	1.7482
2	2	woman	8.3758
2	3	who	12.7092
2	4	was	3.89904
2	5	brought	6.28776
2	6	the	5.26335
2	7	sandwich	11.7063
2	8	from	4.76792
2	9	the	1.49602
2	10	kitchen	8.77234
2	11	fell	14.8708
2	12	in	3.23849
2	13	the	2.38987
2	14	dining	16.0638
2	15	room	4.10147
3	1	The	1.75257
3	2	woman	8.34412
3	3	given	10.9707
3	4	the	1.56496
3	5	sandwich	12.3791
3	6	from	3.71021
3	7	the	2.19841
3	8	kitchen	8.49055
3	9	fell	15.0924
3	10	in	3.45467
3	11	the	2.35417
3	12	dining	15.0748
3	13	room	3.89102
4	1	The	1.85417
4	2	woman	8.38622
4	3	who	12.9007
4	4	was	3.54214
4	5	given	5.55899
4	6	the	1.81692
4	7	sandwich	12.9246
4	8	from	4.10762
4	9	the	1.97047
4	10	kitchen	8.76351
4	11	fell	15.0016
4	12	in	2.954
4	13	the	2.23561
4	14	dining	15.4496
4	15	room	4.09689
5	1	The	1.67708
5	2	convict	15.4117
5	3	walked	21.3072
5	4	into	7.1808
5	5	the	1.40323
5	6	dark	7.85395
5	7	cell	11.2563
5	8	tried	10.6137
5	9	to	0.406892
5	10	escape	6.78141
5	11	but	11.4224
5	12	failed	11.8733
6	1	The	1.70783
6	2	convict	15.4413
6	3	who	11.8743
6	4	was	3.02559
6	5	walked	11.9821
6	6	into	2.07469
6	7	the	1.48995
6	8	dark	6.05531
6	9	cell	10.7082
6	10	tried	15.1117
6	11	to	1.80682
6	12	escape	6.40884
6	13	but	6.95556
6	14	failed	5.93734
7	1	The	1.75819
7	2	convict	15.3854
7	3	taken	16.7611
7	4	into	7.95799
7	5	the	1.66891
7	6	dark	7.65801
7	7	cell	10.9159
7	8	tried	10.5617
7	9	to	0.449359
7	10	escape	6.67147
7	11	but	7.00665
7	12	failed	5.60953
8	1	The	1.8246
8	2	convict	15.5413
8	3	who	12.0163
8	4	was	3.01732
8	5	taken	6.59389
8	6	into	3.77013
8	7	the	1.70628
8	8	dark	6.62926
8	9	cell	10.5932
8	10	tried	14.5634
8	11	to	1.13982
8	12	escape	6.52084
8	13	but	11.9444
8	14	failed	11.79
9	1	The	1.83399
9	2	prisoners	14.3355
9	3	hit	8.05831
9	4	for	5.90112
9	5	hours	8.62122
9	6	and	2.06053
9	7	hours	10.2082
9	8	confessed	13.9638
9	9	to	0.315481
9	10	crimes	10.565
9	11	they	14.0694
9	12	never	8.90159
9	13	committed	8.72524
10	1	The	1.69237
10	2	prisoners	14.2951
10	3	who	12.9455
10	4	were	7.02322
10	5	hit	7.57866
10	6	for	5.05243
10	7	hours	7.82511
10	8	and	2.485
10	9	hours	10.1952
10	10	confessed	15.3289
10	11	to	1.05997
10	12	crimes	10.6682
10	13	they	14.7134
10	14	never	7.37862
10	15	committed	9.87659
11	1	The	1.77519
11	2	prisoners	14.3182
11	3	beaten	12.312
11	4	for	6.10483
11	5	hours	8.98126
11	6	and	3.61876
11	7	hours	8.86344
11	8	confessed	14.09
11	9	to	0.057208
11	10	crimes	10.4728
11	11	they	13.9235
11	12	never	7.32519
11	13	committed	7.45251
12	1	The	1.79517
12	2	prisoners	14.3609
12	3	who	13.1528
12	4	were	7.38552
12	5	beaten	9.12724
12	6	for	4.34277
12	7	hours	8.01378
12	8	and	3.65923
12	9	hours	6.6666
12	10	confessed	13.4755
12	11	to	0.414601
12	12	crimes	10.4714
12	13	they	11.7409
12	14	never	11.5662
12	15	committed	8.13701
13	1	The	1.80286
13	2	business	8.13371
13	3	expanded	8.97218
13	4	into	5.09239
13	5	an	3.91687
13	6	empire	14.8995
13	7	was	15.1574
13	8	sold	5.06224
13	9	for	2.53976
13	10	billions	9.07733
13	11	of	0.104557
13	12	dollars	2.16727
14	1	The	1.71899
14	2	business	8.01354
14	3	that	10.6171
14	4	was	6.02352
14	5	expanded	8.43173
14	6	into	5.69377
14	7	an	3.89218
14	8	empire	16.4368
14	9	was	13.3319
14	10	sold	5.99457
14	11	for	2.66453
14	12	billions	8.99328
14	13	of	0.27833
14	14	dollars	2.15017
15	1	The	1.71592
15	2	business	8.06614
15	3	grown	14.6165
15	4	into	5.16929
15	5	an	4.33262
15	6	empire	16.9649
15	7	was	3.95168
15	8	sold	3.80167
15	9	for	2.43954
15	10	billions	8.8225
15	11	of	0.0317258
15	12	dollars	2.09098
16	1	The	1.73646
16	2	business	8.14814
16	3	that	12.4305
16	4	was	6.37408
16	5	grown	8.76435
16	6	into	4.97542
16	7	an	4.07723
16	8	empire	17.5315
16	9	was	14.1966
16	10	sold	4.89309
16	11	for	2.85952
16	12	billions	9.35627
16	13	of	0.531357
16	14	dollars	2.10458
17	1	The	1.72583
17	2	mice	13.1188
17	3	consumed	9.74822
17	4	rapidly	9.29625
17	5	and	4.05741
17	6	entirely	10.1661
17	7	were	8.53514
17	8	carrying	8.33638
17	9	a	1.98234
17	10	rare	7.04863
17	11	bacteria	10.5277
18	1	The	1.87937
18	2	mice	13.4455
18	3	that	6.66297
18	4	were	3.7447
18	5	consumed	8.20018
18	6	rapidly	8.16641
18	7	and	4.14048
18	8	entirely	5.85067
18	9	were	7.23681
18	10	carrying	9.65036
18	11	a	1.96493
18	12	rare	6.83002
18	13	bacteria	10.6287
19	1	The	1.71042
19	2	mice	13.0851
19	3	consumed	9.43347
19	4	rapidly	9.33583
19	5	and	3.27382
19	6	entirely	5.55847
19	7	were	5.74927
19	8	carrying	9.98351
19	9	a	2.02693
19	10	rare	7.10722
19	11	bacteria	10.5504
20	1	The	1.7242
20	2	mice	13.0822
20	3	that	4.9838
20	4	were	3.57693
20	5	consumed	8.02888
20	6	rapidly	7.81947
20	7	and	3.0544
20	8	entirely	5.57639
20	9	were	5.63235
20	10	carrying	9.1128
20	11	a	2.12968
20	12	rare	7.00964
20	13	bacteria	10.473
21	1	The	1.84267
21	2	lawyer	10.4053
21	3	pledged	7.97501
21	4	to	1.51037
21	5	keep	4.44005
21	6	silent	11.8417
21	7	was	15.4638
21	8	discovered	9.5706
21	9	to	4.92951
21	10	have	6.57783
21	11	broken	7.16558
21	12	his	6.3665
21	13	promise	8.04503
22	1	The	1.73089
22	2	lawyer	10.3899
22	3	that	14.0084
22	4	was	6.8792
22	5	pledged	9.57754
22	6	to	1.40391
22	7	keep	4.52553
22	8	silent	11.3191
22	9	was	15.58
22	10	discovered	12.5965
22	11	to	3.98195
22	12	have	6.39087
22	13	broken	7.60628
22	14	his	6.27893
22	15	promise	7.75664
23	1	The	1.73854
23	2	lawyer	10.4473
23	3	committed	11.5266
23	4	to	3.98611
23	5	keep	13.8747
23	6	silent	12.94
23	7	was	14.0642
23	8	discovered	10.0269
23	9	to	4.4153
23	10	have	5.36538
23	11	broken	7.53993
23	12	his	5.00541
23	13	promise	8.08393
24	1	The	1.77604
24	2	lawyer	10.3525
24	3	who	4.76798
24	4	was	4.11839
24	5	committed	7.42142
24	6	to	0.246036
24	7	keep	7.89147
24	8	silent	11.4087
24	9	was	5.29747
24	10	discovered	8.38439
24	11	to	3.61371
24	12	have	3.93135
24	13	broken	8.15001
24	14	his	4.38048
24	15	promise	7.72263
25	1	The	1.91451
25	2	child	10.3144
25	3	kicked	10.8915
25	4	in	2.59209
25	5	the	2.33355
25	6	chaos	10.5338
25	7	found	9.52463
25	8	her	11.4926
25	9	way	8.77758
25	10	back	8.85031
25	11	home	6.74867
26	1	The	1.6932
26	2	child	10.0465
26	3	who	5.29693
26	4	was	3.57099
26	5	kicked	9.30997
26	6	in	2.33653
26	7	the	2.77199
26	8	chaos	10.7897
26	9	found	8.28846
26	10	her	5.8076
26	11	way	7.41697
26	12	back	8.51453
26	13	home	5.75072
27	1	The	1.6782
27	2	child	10.0083
27	3	forgotten	13.1099
27	4	in	2.38517
27	5	the	2.04088
27	6	chaos	11.5129
27	7	found	9.66715
27	8	her	9.35238
27	9	way	8.64829
27	10	back	8.77722
27	11	home	5.47913
28	1	The	1.7509
28	2	child	10.102
28	3	who	13.051
28	4	was	3.77389
28	5	forgotten	8.68031
28	6	in	2.46153
28	7	the	1.99693
28	8	chaos	11.5969
28	9	found	15.7482
28	10	her	9.71673
28	11	way	5.89287
28	12	back	8.07727
28	13	home	8.94951
29	1	The	1.72119
29	2	horses	13.2991
29	3	UNK-LC-ed	6.24353
29	4	past	7.56074
29	5	the	3.81477
29	6	barn	9.44076
29	7	fell	14.251
29	8	into	3.98062
29	9	a	2.05292
29	10	swamp	14.2803
30	1	The	1.82916
30	2	horses	13.5336
30	3	that	12.95
30	4	were	6.64887
30	5	UNK-LC-ed	4.0391
30	6	past	8.0645
30	7	the	3.19307
30	8	barn	9.79218
30	9	fell	9.57359
30	10	into	3.33207
30	11	a	1.9616
30	12	swamp	13.9404
31	1	The	1.69101
31	2	horses	13.2754
31	3	taken	10.4496
31	4	past	9.13492
31	5	the	3.77784
31	6	barn	9.04282
31	7	fell	14.8216
31	8	into	4.69903
31	9	a	2.04285
31	10	swamp	14.4446
32	1	The	1.81257
32	2	horses	12.7128
32	3	that	4.026
32	4	were	3.19677
32	5	taken	5.11177
32	6	past	7.71408
32	7	the	6.05807
32	8	barn	9.98839
32	9	fell	7.68616
32	10	into	3.60418
32	11	a	1.73856
32	12	swamp	13.9754
33	1	The	1.77379
33	2	artist	9.93514
33	3	painted	10.3041
33	4	a	1.51765
33	5	impressionist	15.2031
33	6	portrait	12.7063
33	7	was	12.4946
33	8	impressed	10.9584
33	9	with	2.65528
33	10	the	1.60866
33	11	work	7.77543
34	1	The	1.82408
34	2	artist	9.7239
34	3	who	11.9387
34	4	was	4.77411
34	5	painted	8.35945
34	6	a	4.86446
34	7	impressionist	16.0295
34	8	portrait	11.8998
34	9	was	12.186
34	10	impressed	9.92892
34	11	with	3.88065
34	12	the	1.67118
34	13	work	7.84304
35	1	The	1.81556
35	2	artist	9.70689
35	3	drawn	11.2048
35	4	a	2.51395
35	5	impressionist	16.7538
35	6	portrait	11.208
35	7	was	12.3206
35	8	impressed	9.11779
35	9	with	2.69406
35	10	the	1.64215
35	11	work	7.65689
36	1	The	1.77266
36	2	artist	10.0024
36	3	who	11.9654
36	4	was	4.83627
36	5	drawn	7.60606
36	6	a	5.29093
36	7	impressionist	15.3123
36	8	portrait	11.4783
36	9	was	12.5316
36	10	impressed	8.60502
36	11	with	1.67506
36	12	the	1.82143
36	13	work	7.37914
37	1	The	1.83591
37	2	car	9.12439
37	3	steered	11.3119
37	4	into	3.58615
37	5	the	1.54533
37	6	parking	7.26484
37	7	lot	3.85475
37	8	crashed	15.5427
37	9	into	6.83314
37	10	a	1.81343
37	11	concrete	7.61139
37	12	wall	5.62551
38	1	The	1.97967
38	2	car	8.9913
38	3	that	14.8439
38	4	was	3.56285
38	5	steered	10.1582
38	6	into	2.8616
38	7	the	1.73255
38	8	parking	7.86244
38	9	lot	3.80741
38	10	crashed	16.2776
38	11	into	6.114
38	12	a	1.83616
38	13	concrete	7.49343
38	14	wall	5.50026
39	1	The	1.86263
39	2	car	8.97654
39	3	driven	11.7539
39	4	into	4.5604
39	5	the	1.32772
39	6	parking	7.80555
39	7	lot	3.44881
39	8	crashed	11.029
39	9	into	4.62756
39	10	a	1.82484
39	11	concrete	8.17107
39	12	wall	5.80819
40	1	The	1.92225
40	2	car	9.1631
40	3	that	12.1551
40	4	was	5.17331
40	5	driven	8.21934
40	6	into	3.71004
40	7	the	1.71014
40	8	parking	7.72998
40	9	lot	3.59942
40	10	crashed	14.7576
40	11	into	6.76021
40	12	a	2.156
40	13	concrete	7.49927
40	14	wall	5.57375
41	1	The	1.71797
41	2	campaign	7.53561
41	3	intended	9.47677
41	4	to	0.0516242
41	5	be	2.98198
41	6	very	8.43874
41	7	popular	8.20751
41	8	was	13.443
41	9	still	8.55842
41	10	unsuccessful	9.98171
42	1	The	1.79766
42	2	campaign	7.58739
42	3	that	3.99658
42	4	was	3.12301
42	5	intended	7.33048
42	6	to	0.233649
42	7	be	2.62046
42	8	very	9.17768
42	9	popular	7.84306
42	10	was	3.82005
42	11	still	5.82045
42	12	unsuccessful	8.1032
43	1	The	1.76777
43	2	campaign	7.49697
43	3	known	8.24651
43	4	to	3.68936
43	5	be	2.52719
43	6	very	9.01971
43	7	popular	7.09884
43	8	was	3.71943
43	9	still	5.54947
43	10	unsuccessful	8.34009
44	1	The	1.72752
44	2	campaign	7.56269
44	3	that	4.67358
44	4	was	3.08374
44	5	known	6.59936
44	6	to	2.13748
44	7	be	2.12224
44	8	very	8.21901
44	9	popular	7.33316
44	10	was	13.4485
44	11	still	6.87198
44	12	unsuccessful	13.8016
45	1	The	1.82204
45	2	student	10.03
45	3	composed	12.5041
45	4	a	4.84212
45	5	carefully	8.32989
45	6	worded	9.03571
45	7	excuse	11.2488
45	8	forgot	14.3038
45	9	to	2.73552
45	10	give	5.61429
45	11	it	2.44803
45	12	to	2.87199
45	13	the	1.405
45	14	teacher	11.5049
46	1	The	1.81304
46	2	student	10.0026
46	3	who	4.83145
46	4	was	3.23173
46	5	composed	6.83504
46	6	a	11.2278
46	7	carefully	9.20143
46	8	worded	10.8492
46	9	excuse	10.6844
46	10	forgot	11.5052
46	11	to	4.36144
46	12	give	5.69799
46	13	it	2.35799
46	14	to	2.95402
46	15	the	1.44247
46	16	teacher	11.3142
47	1	The	1.81994
47	2	student	10.0385
47	3	written	9.18305
47	4	a	4.38067
47	5	carefully	10.752
47	6	worded	9.47323
47	7	excuse	10.3901
47	8	forgot	17.2749
47	9	to	2.7926
47	10	give	6.33292
47	11	it	2.53526
47	12	to	3.39518
47	13	the	1.61464
47	14	teacher	11.5901
48	1	The	1.96697
48	2	student	9.96328
48	3	who	5.52437
48	4	was	3.2679
48	5	written	6.26248
48	6	a	5.11892
48	7	carefully	11.9022
48	8	worded	10.1227
48	9	excuse	13.6023
48	10	forgot	13.9096
48	11	to	3.6014
48	12	give	5.15435
48	13	it	2.49868
48	14	to	2.98575
48	15	the	1.45056
48	16	teacher	11.37
49	1	The	1.78895
49	2	television	9.02029
49	3	show	4.92403
49	4	started	6.1546
49	5	three	7.19051
49	6	weeks	4.56974
49	7	ago	6.90951
49	8	was	13.3264
49	9	canceled	8.54242
49	10	immediately	13.4669
50	1	The	1.85324
50	2	television	8.95643
50	3	show	5.02412
50	4	that	4.03676
50	5	was	3.20115
50	6	started	8.29655
50	7	three	6.27342
50	8	weeks	2.29391
50	9	ago	0.0718664
50	10	was	3.08255
50	11	canceled	7.53352
50	12	immediately	13.1609
51	1	The	1.72355
51	2	television	8.93179
51	3	show	5.05192
51	4	begun	9.77874
51	5	three	5.91798
51	6	weeks	2.6384
51	7	ago	0.0952405
51	8	was	2.68749
51	9	canceled	7.08688
51	10	immediately	13.0143
52	1	The	1.83339
52	2	television	9.03181
52	3	show	4.9338
52	4	that	10.4285
52	5	was	3.43487
52	6	begun	9.07642
52	7	three	7.35675
52	8	weeks	2.87646
52	9	ago	3.32036
52	10	was	15.2066
52	11	canceled	13.1203
52	12	immediately	12.6671
53	1	The	1.65156
53	2	boys	9.77343
53	3	performed	9.49216
53	4	an	7.92001
53	5	unsolicited	8.17233
53	6	favor	13.3892
53	7	appreciated	10.711
53	8	the	3.25711
53	9	person	8.56851
53	10	who	3.74648
53	11	helped	5.80662
53	12	them	4.57563
54	1	The	1.74074
54	2	boys	9.84819
54	3	who	3.945
54	4	were	3.28597
54	5	performed	9.08304
54	6	an	9.64824
54	7	unsolicited	7.84203
54	8	favor	13.0424
54	9	appreciated	11.518
54	10	the	3.23509
54	11	person	8.49777
54	12	who	5.09802
54	13	helped	5.70961
54	14	them	4.52657
55	1	The	1.83512
55	2	boys	9.82689
55	3	done	10.5811
55	4	an	4.07072
55	5	unsolicited	8.12571
55	6	favor	12.7222
55	7	appreciated	13.4248
55	8	the	4.28025
55	9	person	8.27147
55	10	who	5.0649
55	11	helped	5.91576
55	12	them	4.5354
56	1	The	2.09733
56	2	boys	9.90053
56	3	who	4.63857
56	4	were	3.194
56	5	done	6.81176
56	6	an	7.70396
56	7	unsolicited	8.31963
56	8	favor	12.1861
56	9	appreciated	11.7641
56	10	the	3.14513
56	11	person	8.52331
56	12	who	5.06779
56	13	helped	5.65655
56	14	them	4.85919
57	1	The	1.70025
57	2	player	12.0343
57	3	tossed	10.4648
57	4	the	1.85036
57	5	baseball	7.39248
57	6	dropped	18.3329
57	7	it	8.30358
57	8	on	3.668
57	9	the	1.36763
57	10	ground	6.25619
58	1	The	1.91306
58	2	player	11.7107
58	3	who	12.8415
58	4	was	4.45951
58	5	tossed	7.68571
58	6	the	4.96753
58	7	baseball	7.3768
58	8	dropped	16.9013
58	9	it	7.3293
58	10	on	4.34426
58	11	the	1.46718
58	12	ground	6.10906
59	1	The	1.79554
59	2	player	12.0826
59	3	thrown	10.694
59	4	the	2.80416
59	5	baseball	7.27599
59	6	dropped	17.4776
59	7	it	11.959
59	8	on	3.63383
59	9	the	1.30022
59	10	ground	6.17191
60	1	The	1.77569
60	2	player	11.9297
60	3	who	12.6754
60	4	was	4.2743
60	5	thrown	6.85432
60	6	the	5.44437
60	7	baseball	7.27888
60	8	dropped	17.2542
60	9	it	10.8724
60	10	on	3.82694
60	11	the	1.2675
60	12	ground	6.07544
61	1	The	1.71758
61	2	child	10.0075
61	3	jumped	10.3301
61	4	past	10.527
61	5	the	3.95896
61	6	swings	12.268
61	7	was	13.1236
61	8	upset	9.60715
61	9	about	2.11622
61	10	it	4.91389
62	1	The	1.58914
62	2	child	9.49526
62	3	who	15.2912
62	4	was	4.77167
62	5	jumped	12.2611
62	6	past	9.04482
62	7	the	4.05762
62	8	swings	13.141
62	9	was	11.67
62	10	upset	9.1488
62	11	about	2.15816
62	12	it	5.42778
63	1	The	1.82411
63	2	child	9.7668
63	3	led	10.1145
63	4	past	9.69751
63	5	the	4.85156
63	6	swings	12.6134
63	7	was	14.2779
63	8	upset	10.94
63	9	about	3.61904
63	10	it	5.72343
64	1	The	1.77298
64	2	child	10.0902
64	3	who	4.60379
64	4	was	3.60868
64	5	led	7.63733
64	6	past	8.60086
64	7	the	7.79322
64	8	swings	13.5329
64	9	was	4.184
64	10	upset	8.0911
64	11	about	1.55452
64	12	it	5.87749
65	1	The	1.80667
65	2	students	12.3945
65	3	prepared	11.0001
65	4	a	2.90492
65	5	fancy	8.15026
65	6	dinner	9.85891
65	7	ate	15.1746
65	8	the	3.64188
65	9	meal	11.5365
65	10	quickly	11.2815
66	1	The	1.85433
66	2	students	12.2287
66	3	who	1.8293
66	4	were	3.49165
66	5	prepared	6.96705
66	6	a	7.76016
66	7	fancy	8.61247
66	8	dinner	10.3839
66	9	ate	11.3194
66	10	the	2.54057
66	11	meal	11.8702
66	12	quickly	7.50186
67	1	The	1.7728
67	2	students	12.3393
67	3	gotten	10.6754
67	4	a	3.42825
67	5	fancy	8.39286
67	6	dinner	10.2546
67	7	ate	10.8793
67	8	the	2.96023
67	9	meal	11.7977
67	10	quickly	7.60272
68	1	The	1.85723
68	2	students	12.5139
68	3	who	2.58323
68	4	were	3.48091
68	5	gotten	9.74507
68	6	a	4.26074
68	7	fancy	8.24417
68	8	dinner	10.4097
68	9	ate	11.3731
68	10	the	2.79715
68	11	meal	11.6855
68	12	quickly	7.37008
69	1	The	1.88759
69	2	infant	10.9761
69	3	fed	12.2857
69	4	during	10.4365
69	5	the	1.15214
69	6	night	7.40109
69	7	yelled	15.3312
69	8	intensely	11.7568
70	1	The	1.82366
70	2	infant	11.0583
70	3	that	14.5086
70	4	was	4.73158
70	5	fed	8.43306
70	6	during	9.18619
70	7	the	1.10249
70	8	night	7.54205
70	9	yelled	15.8381
70	10	intensely	11.9894
71	1	The	1.9235
71	2	infant	11.0416
71	3	aroused	11.6535
71	4	during	9.88404
71	5	the	1.21582
71	6	night	7.48414
71	7	yelled	15.6873
71	8	intensely	11.7522
72	1	The	1.72233
72	2	infant	11.158
72	3	that	16.1143
72	4	was	3.53865
72	5	aroused	8.66985
72	6	during	5.92792
72	7	the	0.958346
72	8	night	7.5719
72	9	yelled	15.2649
72	10	intensely	9.82647
73	1	The	1.86451
73	2	refugee	11.3043
73	3	sheltered	16.6974
73	4	in	4.61936
73	5	the	2.56156
73	6	basement	10.2217
73	7	departed	10.2857
73	8	during	5.66024
73	9	the	1.01682
73	10	night	6.65656
74	1	The	1.69903
74	2	refugee	11.3735
74	3	who	14.2227
74	4	was	2.94533
74	5	sheltered	12.4545
74	6	in	1.74149
74	7	the	2.0828
74	8	basement	10.3373
74	9	departed	16.3835
74	10	during	5.58962
74	11	the	0.774383
74	12	night	6.37481
75	1	The	1.72124
75	2	refugee	10.9363
75	3	hidden	11.0074
75	4	in	6.631
75	5	the	1.16927
75	6	basement	9.24979
75	7	departed	10.6217
75	8	during	6.1992
75	9	the	1.01214
75	10	night	6.80161
76	1	The	1.63927
76	2	refugee	11.0903
76	3	who	14.4237
76	4	was	3.2412
76	5	hidden	8.90463
76	6	in	2.25217
76	7	the	1.76896
76	8	basement	10.1819
76	9	departed	16.7308
76	10	during	5.98096
76	11	the	0.955643
76	12	night	6.90691
77	1	The	1.82487
77	2	dog	11.5805
77	3	walked	9.30792
77	4	on	1.77864
77	5	the	1.29766
77	6	beach	7.82168
77	7	UNK-LC-ed	11.372
77	8	after	4.31737
77	9	a	2.00928
77	10	bird	11.822
78	1	The	1.81805
78	2	dog	11.1405
78	3	that	8.52409
78	4	was	7.49226
78	5	walked	9.74317
78	6	on	2.5223
78	7	the	1.49916
78	8	beach	8.42641
78	9	UNK-LC-ed	11.7167
78	10	after	4.25593
78	11	a	1.98409
78	12	bird	11.6942
79	1	The	1.82192
79	2	dog	11.545
79	3	seen	10.9081
79	4	on	6.93666
79	5	the	0.913631
79	6	beach	8.50585
79	7	UNK-LC-ed	10.0893
79	8	after	5.99514
79	9	a	1.99582
79	10	bird	11.6254
80	1	The	1.69582
80	2	dog	11.5773
80	3	that	13.9856
80	4	was	3.57153
80	5	seen	6.06227
80	6	on	4.37837
80	7	the	1.17446
80	8	beach	9.21611
80	9	UNK-LC-ed	7.36008
80	10	after	4.85936
80	11	a	2.17143
80	12	bird	11.5138
81	1	The	1.9425
81	2	ship	8.83349
81	3	steered	9.97902
81	4	off	4.4705
81	5	course	8.51233
81	6	sank	16.1903
81	7	in	4.92627
81	8	the	1.68357
81	9	storm	8.17403
82	1	The	1.72451
82	2	ship	8.81333
82	3	that	14.2789
82	4	was	4.43611
82	5	steered	10.3443
82	6	off	4.10071
82	7	course	8.94967
82	8	sank	15.9717
82	9	in	3.63661
82	10	the	1.56877
82	11	storm	8.21475
83	1	The	1.76027
83	2	ship	8.88871
83	3	blown	11.7972
83	4	off	3.06896
83	5	course	10.149
83	6	sank	17.0939
83	7	in	3.44042
83	8	the	1.65815
83	9	storm	8.32287
84	1	The	1.87402
84	2	ship	8.89219
84	3	that	4.64234
84	4	was	3.27398
84	5	blown	9.78194
84	6	off	2.96604
84	7	course	8.87696
84	8	sank	11.2661
84	9	in	4.73496
84	10	the	2.1276
84	11	storm	8.44785
85	1	The	1.72343
85	2	fans	11.4203
85	3	cheered	11.7022
85	4	at	5.75919
85	5	the	1.30402
85	6	concert	10.8775
85	7	took	15.3251
85	8	photos	11.1961
85	9	with	5.46957
85	10	their	5.50342
85	11	phones	8.05405
86	1	The	1.81245
86	2	fans	11.4185
86	3	that	11.4939
86	4	were	6.52921
86	5	cheered	7.74373
86	6	at	5.05642
86	7	the	1.80344
86	8	concert	10.9018
86	9	took	12.818
86	10	photos	10.3116
86	11	with	4.67573
86	12	their	5.19955
86	13	phones	7.79961
87	1	The	1.87302
87	2	fans	11.5839
87	3	UNK-LC-ed	5.69937
87	4	at	4.09097
87	5	the	1.32404
87	6	concert	10.5015
87	7	took	13.8542
87	8	photos	10.4041
87	9	with	5.38559
87	10	their	5.52191
87	11	phones	7.94449
88	1	The	1.68534
88	2	fans	11.6201
88	3	that	5.15668
88	4	were	3.06296
88	5	UNK-LC-ed	3.84348
88	6	at	3.37157
88	7	the	1.51744
88	8	concert	9.79292
88	9	took	7.06929
88	10	photos	9.2332
88	11	with	5.15031
88	12	their	5.22596
88	13	phones	7.81512
89	1	The	1.78031
89	2	boat	11.3728
89	3	steered	9.94349
89	4	to	2.99877
89	5	the	1.32746
89	6	sea	9.31763
89	7	disappeared	12.8988
89	8	in	1.77449
89	9	the	1.26474
89	10	storm	8.80315
90	1	The	1.70902
90	2	boat	11.4214
90	3	that	11.2335
90	4	was	6.54855
90	5	steered	10.3533
90	6	in	4.22409
90	7	the	2.11007
90	8	sea	8.09909
90	9	disappeared	14.216
90	10	in	1.9918
90	11	the	1.32189
90	12	storm	8.85699
91	1	The	1.74866
91	2	boat	11.1138
91	3	sunk	16.1918
91	4	in	2.89773
91	5	the	1.5284
91	6	sea	8.96839
91	7	disappeared	10.7954
91	8	in	2.47547
91	9	the	1.474
91	10	storm	8.20893
92	1	The	1.83034
92	2	boat	11.2728
92	3	that	4.85883
92	4	was	3.55648
92	5	sunk	11.7577
92	6	in	3.16921
92	7	the	1.47101
92	8	sea	8.89575
92	9	disappeared	10.9267
92	10	in	2.25344
92	11	the	1.40657
92	12	storm	8.21651
93	1	The	1.71601
93	2	couple	9.39794
93	3	bought	10.3244
93	4	the	2.46646
93	5	apartment	11.8271
93	6	moved	14.8112
93	7	to	1.81721
93	8	a	2.21696
93	9	different	7.8079
93	10	city	5.82425
94	1	The	1.7958
94	2	couple	9.33237
94	3	that	11.6169
94	4	was	5.15614
94	5	bought	8.15637
94	6	the	6.81987
94	7	apartment	11.5559
94	8	moved	14.952
94	9	to	1.54729
94	10	a	2.17469
94	11	different	7.66083
94	12	city	6.02747
95	1	The	1.85759
95	2	couple	9.71256
95	3	shown	10.7326
95	4	the	3.15258
95	5	apartment	10.6066
95	6	moved	8.63148
95	7	to	1.52035
95	8	a	2.11221
95	9	different	7.01396
95	10	city	6.55324
96	1	The	1.87011
96	2	couple	9.31553
96	3	that	13.4046
96	4	was	5.92624
96	5	shown	7.41847
96	6	the	5.19397
96	7	apartment	9.90907
96	8	moved	10.2156
96	9	to	1.88406
96	10	a	2.0777
96	11	different	7.05818
96	12	city	6.54739
97	1	The	1.68258
97	2	girl	11.2798
97	3	made	6.1721
97	4	a	1.86393
97	5	new	3.98465
97	6	blanket	12.1043
97	7	lost	11.5942
97	8	it	9.79972
97	9	during	5.83056
97	10	the	1.07403
97	11	trip	8.12493
98	1	The	1.92856
98	2	girl	11.3559
98	3	who	3.25403
98	4	was	3.8953
98	5	made	6.7075
98	6	a	5.09186
98	7	new	3.35257
98	8	blanket	12.0762
98	9	lost	10.19
98	10	it	3.5373
98	11	during	5.99801
98	12	the	1.22567
98	13	trip	8.17275
99	1	The	1.72921
99	2	girl	11.3376
99	3	given	10.3111
99	4	a	2.97748
99	5	new	3.82182
99	6	blanket	12.1751
99	7	lost	12.046
99	8	it	3.88617
99	9	during	6.05384
99	10	the	1.18684
99	11	trip	8.14504
100	1	The	1.75868
100	2	girl	10.9575
100	3	who	3.03173
100	4	was	3.97187
100	5	given	6.29749
100	6	a	2.42418
100	7	new	3.60071
100	8	blanket	12.0512
100	9	lost	11.3893
100	10	it	4.19588
100	11	during	6.06977
100	12	the	1.19184
100	13	trip	8.34735
101	1	The	1.9301
101	2	airplane	20.4297
101	3	landed	17.5464
101	4	in	6.18622
101	5	the	2.63346
101	6	mountains	13.9749
101	7	broke	7.61824
101	8	down	2.91109
101	9	during	6.76362
101	10	the	1.04195
101	11	ice	10.2199
101	12	storm	10.3637
102	1	The	1.75947
102	2	airplane	20.4718
102	3	that	16.9682
102	4	was	3.1649
102	5	landed	11.7932
102	6	in	2.61875
102	7	the	2.29535
102	8	mountains	12.3251
102	9	broke	13.2347
102	10	down	2.76215
103	1	The	1.74084
103	2	airplane	21.2108
103	3	flown	11.8252
103	4	in	5.86625
103	5	the	2.14718
103	6	mountains	12.3917
103	7	broke	8.17936
103	8	down	3.55423
103	9	during	6.07697
103	10	the	1.03521
103	11	ice	10.2244
103	12	storm	10.8604
104	1	The	1.69854
104	2	airplane	20.5846
104	3	that	16.3932
104	4	was	4.23968
104	5	flown	11.2607
104	6	in	2.00096
104	7	the	1.98491
104	8	mountains	11.9155
104	9	broke	17.2022
104	10	down	5.20067
104	11	during	5.67738
104	12	the	0.93245
104	13	ice	10.0621
104	14	storm	10.6863
105	1	The	1.64092
105	2	child	10.4732
105	3	carried	9.39903
105	4	down	3.3327
105	5	the	2.23958
105	6	hall	9.04327
105	7	yelled	11.9508
105	8	at	4.34002
105	9	the	1.40604
105	10	top	4.67131
105	11	of	1.21917
105	12	his	2.90761
105	13	lungs	8.39419
106	1	The	1.74083
106	2	child	10.3458
106	3	that	5.38828
106	4	was	3.59463
106	5	carried	7.31456
106	6	down	2.65761
106	7	the	7.26042
106	8	hall	9.70577
106	9	yelled	10.7107
106	10	at	4.15484
106	11	the	1.25055
106	12	top	4.60211
106	13	of	1.44192
106	14	his	2.73283
106	15	lungs	8.22732
107	1	The	1.81688
107	2	child	10.1111
107	3	borne	15.3412
107	4	down	5.06001
107	5	the	1.80629
107	6	hall	9.13993
107	7	yelled	16.3141
107	8	at	4.09962
107	9	the	1.38309
107	10	top	5.52056
107	11	of	1.39765
107	12	his	2.81174
107	13	lungs	8.30978
108	1	The	2.04231
108	2	child	9.69011
108	3	that	5.39187
108	4	was	3.616
108	5	borne	10.1418
108	6	down	2.52758
108	7	the	4.54205
108	8	hall	9.16606
108	9	yelled	11.2062
108	10	at	4.18601
108	11	the	1.30417
108	12	top	4.81013
108	13	of	1.52726
108	14	his	2.63123
108	15	lungs	8.35315
