sentence_id	token_id	token	surprisal
1	1	The	1.85816
1	2	woman	8.37714
1	3	brought	7.74391
1	4	the	1.82948
1	5	sandwich	11.2909
1	6	from	4.01599
1	7	the	1.65738
1	8	kitchen	8.4774
1	9	fell	15.2777
1	10	in	2.95618
1	11	the	2.29134
1	12	dining	15.5501
1	13	room	3.76076
2	1	The	1.84552
2	2	woman	8.35323
2	3	who	12.31
2	4	was	3.83599
2	5	brought	6.37788
2	6	the	4.22045
2	7	sandwich	12.0786
2	8	from	3.80141
2	9	the	1.4921
2	10	kitchen	8.59391
2	11	fell	15.5813
2	12	in	2.89462
2	13	the	2.27897
2	14	dining	15.5453
2	15	room	3.72594
3	1	The	1.64212
3	2	woman	8.3835
3	3	given	10.8524
3	4	the	1.52766
3	5	sandwich	12.2148
3	6	from	4.7621
3	7	the	1.85537
3	8	kitchen	8.22043
3	9	fell	14.7142
3	10	in	3.04749
3	11	the	2.17548
3	12	dining	15.5003
3	13	room	3.89953
4	1	The	1.78898
4	2	woman	8.3675
4	3	who	12.7854
4	4	was	3.67391
4	5	given	5.41028
4	6	the	1.82756
4	7	sandwich	12.4593
4	8	from	4.02713
4	9	the	1.8154
4	10	kitchen	8.6253
4	11	fell	15.0076
4	12	in	2.74028
4	13	the	2.2723
4	14	dining	15.4677
4	15	room	3.96963
5	1	The	1.76137
5	2	convict	15.4316
5	3	walked	20.963
5	4	into	8.95265
5	5	the	1.34834
5	6	dark	7.78169
5	7	cell	11.2442
5	8	tried	10.8419
5	9	to	0.331633
5	10	escape	6.79452
5	11	but	9.82639
5	12	failed	9.64285
6	1	The	1.70159
6	2	convict	15.4371
6	3	who	12.1186
6	4	was	3.23223
6	5	walked	12.1482
6	6	into	2.07889
6	7	the	1.524
6	8	dark	6.26616
6	9	cell	10.5981
6	10	tried	15.0711
6	11	to	1.73942
6	12	escape	6.72655
6	13	but	12.0641
6	14	failed	11.8516
7	1	The	1.72958
7	2	convict	15.3855
7	3	taken	16.3174
7	4	into	8.39647
7	5	the	1.68787
7	6	dark	7.65536
7	7	cell	11.0978
7	8	tried	10.2018
7	9	to	0.418261
7	10	escape	6.66472
7	11	but	6.94251
7	12	failed	5.79814
8	1	The	1.79317
8	2	convict	15.4344
8	3	who	12.2376
8	4	was	3.18992
8	5	taken	6.61171
8	6	into	3.73519
8	7	the	1.7774
8	8	dark	6.78385
8	9	cell	10.6308
8	10	tried	12.9976
8	11	to	0.815136
8	12	escape	6.62296
8	13	but	7.50086
8	14	failed	8.1121
9	1	The	1.5946
9	2	prisoners	14.2831
9	3	hit	8.14598
9	4	for	6.68039
9	5	hours	8.72181
9	6	and	1.86731
9	7	hours	9.43668
9	8	confessed	12.1129
9	9	to	0.518589
9	10	crimes	11.5006
9	11	they	5.56314
9	12	never	8.10547
9	13	committed	7.25746
10	1	The	1.74952
10	2	prisoners	14.3157
10	3	who	13.5422
10	4	were	6.47307
10	5	hit	7.64216
10	6	for	5.08157
10	7	hours	7.65834
10	8	and	1.71222
10	9	hours	13.2494
10	10	confessed	15.3372
10	11	to	1.11746
10	12	crimes	10.7222
10	13	they	5.58947
10	14	never	7.70997
10	15	committed	6.90295
11	1	The	1.69157
11	2	prisoners	14.3053
11	3	beaten	12.3692
11	4	for	5.20161
11	5	hours	8.77629
11	6	and	3.79015
11	7	hours	7.91935
11	8	confessed	13.9305
11	9	to	0.262698
11	10	crimes	10.424
11	11	they	13.4835
11	12	never	12.2141
11	13	committed	9.62019
12	1	The	1.74663
12	2	prisoners	14.2961
12	3	who	5.48533
12	4	were	4.01744
12	5	beaten	9.06607
12	6	for	4.27454
12	7	hours	7.77002
12	8	and	4.67125
12	9	hours	8.19587
12	10	confessed	12.1928
12	11	to	0.694225
12	12	crimes	10.8165
12	13	they	4.73268
12	14	never	7.14848
12	15	committed	8.13424
13	1	The	1.76236
13	2	business	8.09234
13	3	expanded	8.74079
13	4	into	5.31778
13	5	an	3.76137
13	6	empire	16.2428
13	7	was	13.1199
13	8	sold	4.52027
13	9	for	2.66475
13	10	billions	9.17982
13	11	of	0.218013
13	12	dollars	2.22591
14	1	The	1.69118
14	2	business	7.99252
14	3	that	12.4273
14	4	was	5.01506
14	5	expanded	8.65612
14	6	into	5.09499
14	7	an	4.10798
14	8	empire	16.1883
14	9	was	13.5346
14	10	sold	6.96766
14	11	for	2.80733
14	12	billions	9.17269
14	13	of	0.087429
14	14	dollars	2.22615
15	1	The	1.68202
15	2	business	8.04042
15	3	grown	14.8933
15	4	into	4.51598
15	5	an	4.77494
15	6	empire	16.4591
15	7	was	2.27548
15	8	sold	3.82262
15	9	for	2.65813
15	10	billions	8.61308
15	11	of	0.158465
15	12	dollars	1.97856
16	1	The	1.93514
16	2	business	8.04824
16	3	that	12.4172
16	4	was	5.03049
16	5	grown	8.32189
16	6	into	4.82442
16	7	an	3.97741
16	8	empire	17.7405
16	9	was	14.8106
16	10	sold	3.71775
16	11	for	2.69902
16	12	billions	9.0339
16	13	of	0.164184
16	14	dollars	2.23021
17	1	The	1.96383
17	2	mice	13.1619
17	3	consumed	9.657
17	4	rapidly	8.61295
17	5	and	10.2994
17	6	entirely	9.1894
17	7	were	5.22647
17	8	carrying	9.42905
17	9	a	1.96602
17	10	rare	7.21187
17	11	bacteria	10.4682
18	1	The	1.8381
18	2	mice	13.1782
18	3	that	5.58735
18	4	were	3.7013
18	5	consumed	8.23711
18	6	rapidly	8.03182
18	7	and	4.03391
18	8	entirely	6.26629
18	9	were	6.47492
18	10	carrying	9.57482
18	11	a	1.99548
18	12	rare	7.16786
18	13	bacteria	10.6242
19	1	The	1.72188
19	2	mice	13.1323
19	3	consumed	9.75262
19	4	rapidly	9.08256
19	5	and	4.98781
19	6	entirely	10.6003
19	7	were	5.41749
19	8	carrying	9.87332
19	9	a	1.9775
19	10	rare	7.12437
19	11	bacteria	10.6224
20	1	The	1.77558
20	2	mice	13.4253
20	3	that	6.67869
20	4	were	3.6201
20	5	consumed	8.16311
20	6	rapidly	8.73847
20	7	and	2.12461
20	8	entirely	10.6174
20	9	were	4.47343
20	10	carrying	8.22794
20	11	a	2.17463
20	12	rare	7.05589
20	13	bacteria	10.244
21	1	The	1.95566
21	2	lawyer	10.3759
21	3	pledged	7.94093
21	4	to	1.60713
21	5	keep	4.4258
21	6	silent	12.1737
21	7	was	15.8563
21	8	discovered	9.45161
21	9	to	4.30666
21	10	have	6.62509
21	11	broken	7.48249
21	12	his	6.08571
21	13	promise	7.59261
22	1	The	1.76291
22	2	lawyer	10.3616
22	3	that	14.1267
22	4	was	6.2746
22	5	pledged	9.40999
22	6	to	1.01255
22	7	keep	4.53336
22	8	silent	12.4103
22	9	was	15.1059
22	10	discovered	11.9805
22	11	to	4.68499
22	12	have	6.07219
22	13	broken	7.23387
22	14	his	6.45546
22	15	promise	7.91105
23	1	The	1.71235
23	2	lawyer	10.3176
23	3	committed	11.9141
23	4	to	3.30424
23	5	keep	13.7942
23	6	silent	12.9216
23	7	was	7.46166
23	8	discovered	9.12012
23	9	to	6.42299
23	10	have	5.64932
23	11	broken	7.79621
23	12	his	4.97181
23	13	promise	7.59134
24	1	The	1.83933
24	2	lawyer	10.3543
24	3	who	11.7857
24	4	was	4.75004
24	5	committed	7.69497
24	6	to	0.212999
24	7	keep	8.36904
24	8	silent	11.3387
24	9	was	14.1988
24	10	discovered	12.1617
24	11	to	4.65405
24	12	have	7.01285
24	13	broken	7.45799
24	14	his	4.5869
24	15	promise	8.08549
25	1	The	1.78144
25	2	child	9.64293
25	3	kicked	10.385
25	4	in	2.44973
25	5	the	2.37767
25	6	chaos	11.4536
25	7	found	8.78075
25	8	her	6.6192
25	9	way	7.13032
25	10	back	8.74763
25	11	home	6.73251
26	1	The	1.86692
26	2	child	10.114
26	3	who	12.9944
26	4	was	3.99348
26	5	kicked	9.33863
26	6	in	2.49119
26	7	the	3.75284
26	8	chaos	10.3198
26	9	found	9.7689
26	10	her	9.28801
26	11	way	7.89222
26	12	back	6.67404
26	13	home	8.24653
27	1	The	1.684
27	2	child	10.1884
27	3	forgotten	12.1569
27	4	in	2.87928
27	5	the	1.97968
27	6	chaos	11.32
27	7	found	9.66455
27	8	her	9.56616
27	9	way	8.11357
27	10	back	6.26837
27	11	home	10.2637
28	1	The	1.67442
28	2	child	9.7697
28	3	who	15.1277
28	4	was	4.58054
28	5	forgotten	8.88584
28	6	in	2.08119
28	7	the	2.09681
28	8	chaos	11.7901
28	9	found	8.97047
28	10	her	8.06513
28	11	way	6.94538
28	12	back	6.40403
28	13	home	7.80426
29	1	The	1.71203
29	2	horses	13.2627
29	3	UNK-LC-ed	6.07472
29	4	past	7.99394
29	5	the	3.60924
29	6	barn	9.47131
29	7	fell	14.7769
29	8	into	4.17754
29	9	a	2.131
29	10	swamp	14.3375
30	1	The	1.78197
30	2	horses	13.3779
30	3	that	10.9677
30	4	were	6.78459
30	5	UNK-LC-ed	3.99891
30	6	past	7.70471
30	7	the	3.62603
30	8	barn	9.39105
30	9	fell	14.8244
30	10	into	4.59016
30	11	a	2.005
30	12	swamp	14.2461
31	1	The	1.68596
31	2	horses	13.4729
31	3	taken	9.91137
31	4	past	7.22577
31	5	the	5.78236
31	6	barn	9.1658
31	7	fell	15.7011
31	8	into	5.03072
31	9	a	2.05583
31	10	swamp	14.3815
32	1	The	1.80874
32	2	horses	13.206
32	3	that	9.76607
32	4	were	7.03829
32	5	taken	4.63794
32	6	past	8.15579
32	7	the	3.92023
32	8	barn	9.68781
32	9	fell	10.3417
32	10	into	3.85439
32	11	a	1.97102
32	12	swamp	14.0377
33	1	The	2.04164
33	2	artist	9.84696
33	3	painted	10.2093
33	4	a	1.76073
33	5	impressionist	15.5363
33	6	portrait	12.6596
33	7	was	12.6764
33	8	impressed	10.2654
33	9	with	3.05103
33	10	the	1.83454
33	11	work	7.67855
34	1	The	1.8024
34	2	artist	9.79923
34	3	who	4.63365
34	4	was	4.05815
34	5	painted	7.79601
34	6	a	6.45401
34	7	impressionist	15.7811
34	8	portrait	12.5025
34	9	was	11.7836
34	10	impressed	12.0955
34	11	with	2.76959
34	12	the	1.76267
34	13	work	7.71123
35	1	The	1.75113
35	2	artist	9.82653
35	3	drawn	11.2567
35	4	a	2.49202
35	5	impressionist	16.3653
35	6	portrait	11.6169
35	7	was	12.9549
35	8	impressed	9.13705
35	9	with	2.02176
35	10	the	1.72016
35	11	work	7.49248
36	1	The	1.81721
36	2	artist	9.64886
36	3	who	4.61184
36	4	was	4.17384
36	5	drawn	7.99064
36	6	a	5.96823
36	7	impressionist	15.9067
36	8	portrait	11.662
36	9	was	4.09402
36	10	impressed	7.55688
36	11	with	2.05678
36	12	the	1.81011
36	13	work	7.47743
37	1	The	1.76276
37	2	car	9.10325
37	3	steered	11.5444
37	4	into	4.23956
37	5	the	1.53529
37	6	parking	7.31752
37	7	lot	3.90156
37	8	crashed	15.2295
37	9	into	7.13025
37	10	a	1.80479
37	11	concrete	7.68271
37	12	wall	5.60848
38	1	The	1.86402
38	2	car	8.78574
38	3	that	5.0641
38	4	was	2.92837
38	5	steered	10.4537
38	6	into	2.61858
38	7	the	1.49557
38	8	parking	7.41598
38	9	lot	3.70884
38	10	crashed	11.8533
38	11	into	4.22804
38	12	a	1.74726
38	13	concrete	8.00559
38	14	wall	5.62652
39	1	The	1.80047
39	2	car	8.94455
39	3	driven	12.6816
39	4	into	5.91922
39	5	the	1.58075
39	6	parking	7.62506
39	7	lot	3.76046
39	8	crashed	13.0106
39	9	into	7.35011
39	10	a	1.76182
39	11	concrete	8.30391
39	12	wall	6.06903
40	1	The	1.84215
40	2	car	9.12051
40	3	that	14.2816
40	4	was	4.68285
40	5	driven	7.85883
40	6	into	3.57986
40	7	the	1.64806
40	8	parking	7.75189
40	9	lot	3.51246
40	10	crashed	17.4599
40	11	into	6.14169
40	12	a	1.85586
40	13	concrete	7.89011
40	14	wall	5.65095
41	1	The	2.00234
41	2	campaign	7.49732
41	3	intended	9.19007
41	4	to	0.116106
41	5	be	2.73365
41	6	very	9.0323
41	7	popular	8.25166
41	8	was	5.08348
41	9	still	5.57636
41	10	unsuccessful	8.37657
42	1	The	1.75891
42	2	campaign	7.49876
42	3	that	13.1282
42	4	was	6.7707
42	5	intended	7.34924
42	6	to	0.137564
42	7	be	2.97191
42	8	very	8.83277
42	9	popular	7.9784
42	10	was	13.7212
42	11	still	7.83454
42	12	unsuccessful	11.8875
43	1	The	1.81501
43	2	campaign	7.47908
43	3	known	9.08317
43	4	to	4.04971
43	5	be	2.64146
43	6	very	8.02196
43	7	popular	7.32209
43	8	was	3.66951
43	9	still	5.61093
43	10	unsuccessful	8.86283
44	1	The	1.64088
44	2	campaign	7.48292
44	3	that	11.026
44	4	was	3.22915
44	5	known	7.74545
44	6	to	2.14316
44	7	be	2.33652
44	8	very	7.85551
44	9	popular	7.57947
44	10	was	13.1805
44	11	still	7.91915
44	12	unsuccessful	14.8792
45	1	The	1.8591
45	2	student	10.011
45	3	composed	12.4442
45	4	a	5.72228
45	5	carefully	9.29766
45	6	worded	9.06705
45	7	excuse	10.7723
45	8	forgot	17.4401
45	9	to	3.18375
45	10	give	7.49274
45	11	it	2.84761
45	12	to	3.058
45	13	the	1.3604
45	14	teacher	11.6436
46	1	The	1.77257
46	2	student	9.98267
46	3	who	3.94685
46	4	was	3.26348
46	5	composed	6.95402
46	6	a	12.8679
46	7	carefully	7.80819
46	8	worded	13.1989
46	9	excuse	13.3607
46	10	forgot	14.3863
46	11	to	2.85237
46	12	give	5.75158
46	13	it	2.39423
46	14	to	2.69047
46	15	the	1.55569
46	16	teacher	11.3539
47	1	The	1.83947
47	2	student	10.0215
47	3	written	10.2178
47	4	a	3.62125
47	5	carefully	9.90534
47	6	worded	10.2624
47	7	excuse	10.3761
47	8	forgot	16.4697
47	9	to	2.98425
47	10	give	5.80491
47	11	it	2.31721
47	12	to	3.081
47	13	the	1.48083
47	14	teacher	11.4391
48	1	The	1.62911
48	2	student	10.0121
48	3	who	4.83144
48	4	was	3.22702
48	5	written	6.28137
48	6	a	4.82265
48	7	carefully	11.0944
48	8	worded	8.95306
48	9	excuse	10.5291
48	10	forgot	11.9229
48	11	to	4.10412
48	12	give	5.12054
48	13	it	2.42936
48	14	to	2.83754
48	15	the	1.4414
48	16	teacher	11.4269
49	1	The	1.82948
49	2	television	8.92539
49	3	show	4.99214
49	4	started	6.59489
49	5	three	6.21221
49	6	weeks	2.4646
49	7	ago	0.118133
49	8	was	13.2719
49	9	canceled	9.46515
49	10	immediately	12.7988
50	1	The	1.86313
50	2	television	9.03321
50	3	show	4.92293
50	4	that	10.9524
50	5	was	6.14413
50	6	started	7.90703
50	7	three	6.78557
50	8	weeks	2.53193
50	9	ago	0.311881
50	10	was	15.8437
50	11	canceled	8.67032
50	12	immediately	12.6572
51	1	The	1.76593
51	2	television	8.90712
51	3	show	5.02366
51	4	begun	9.93917
51	5	three	6.31979
51	6	weeks	2.62835
51	7	ago	0.056055
51	8	was	2.69503
51	9	canceled	7.34712
51	10	immediately	12.6476
52	1	The	1.76252
52	2	television	8.90719
52	3	show	4.97852
52	4	that	12.2974
52	5	was	6.28421
52	6	begun	9.57521
52	7	three	8.25001
52	8	weeks	3.59751
52	9	ago	8.17403
52	10	was	13.0644
52	11	canceled	7.45817
52	12	immediately	13.0158
53	1	The	1.70282
53	2	boys	9.79964
53	3	performed	10.4463
53	4	an	8.02894
53	5	unsolicited	7.02265
53	6	favor	13.8308
53	7	appreciated	11.7198
53	8	the	3.34967
53	9	person	8.61933
53	10	who	3.98791
53	11	helped	5.87201
53	12	them	4.71408
54	1	The	1.60392
54	2	boys	9.77307
54	3	who	2.84798
54	4	were	3.27473
54	5	performed	9.16183
54	6	an	8.62887
54	7	unsolicited	7.49701
54	8	favor	13.135
54	9	appreciated	11.3944
54	10	the	2.93676
54	11	person	8.70311
54	12	who	3.37047
54	13	helped	5.87045
54	14	them	4.3019
55	1	The	1.71817
55	2	boys	9.83258
55	3	done	9.78347
55	4	an	5.64161
55	5	unsolicited	8.01505
55	6	favor	12.7684
55	7	appreciated	11.8924
55	8	the	3.18004
55	9	person	8.67177
55	10	who	10.9882
55	11	helped	10.0928
55	12	them	7.1977
56	1	The	1.76868
56	2	boys	9.8501
56	3	who	3.02961
56	4	were	3.21513
56	5	done	6.79818
56	6	an	6.95088
56	7	unsolicited	8.71809
56	8	favor	11.7334
56	9	appreciated	11.9319
56	10	the	2.84745
56	11	person	8.62034
56	12	who	3.34966
56	13	helped	5.78594
56	14	them	4.90049
57	1	The	1.71157
57	2	player	11.8296
57	3	tossed	11.2621
57	4	the	1.85133
57	5	baseball	7.27156
57	6	dropped	18.9752
57	7	it	9.95546
57	8	on	3.1075
57	9	the	1.37212
57	10	ground	6.14034
58	1	The	1.95517
58	2	player	11.7201
58	3	who	6.86881
58	4	was	3.43272
58	5	tossed	7.9094
58	6	the	5.98443
58	7	baseball	8.91378
58	8	dropped	15.8321
58	9	it	9.90847
58	10	on	4.04139
58	11	the	1.20446
58	12	ground	6.13341
59	1	The	1.70012
59	2	player	11.8802
59	3	thrown	11.0518
59	4	the	2.9951
59	5	baseball	7.18709
59	6	dropped	18.8001
59	7	it	11.6119
59	8	on	2.82447
59	9	the	1.30373
59	10	ground	6.18326
60	1	The	1.8016
60	2	player	12.0198
60	3	who	12.0745
60	4	was	4.18754
60	5	thrown	6.80603
60	6	the	5.45902
60	7	baseball	7.29674
60	8	dropped	17.375
60	9	it	10.3441
60	10	on	3.61993
60	11	the	1.29396
60	12	ground	6.09766
61	1	The	1.74151
61	2	child	10.1675
61	3	jumped	10.3908
61	4	past	10.2848
61	5	the	4.24492
61	6	swings	12.8738
61	7	was	10.8507
61	8	upset	8.93158
61	9	about	2.06805
61	10	it	4.65072
62	1	The	1.83451
62	2	child	9.85913
62	3	who	3.91062
62	4	was	3.57104
62	5	jumped	11.1968
62	6	past	9.06633
62	7	the	3.71656
62	8	swings	13.1593
62	9	was	4.07106
62	10	upset	7.69948
62	11	about	1.64667
62	12	it	6.32946
63	1	The	1.68325
63	2	child	10.0115
63	3	led	7.98522
63	4	past	9.99835
63	5	the	4.745
63	6	swings	12.4528
63	7	was	13.952
63	8	upset	11.5672
63	9	about	4.73554
63	10	it	5.8193
64	1	The	1.80655
64	2	child	9.89642
64	3	who	13.9246
64	4	was	5.60088
64	5	led	8.00967
64	6	past	8.99522
64	7	the	5.67266
64	8	swings	12.9941
64	9	was	14.3276
64	10	upset	11.4001
64	11	about	2.57052
64	12	it	5.26131
65	1	The	2.09265
65	2	students	12.2924
65	3	prepared	11.0955
65	4	a	3.5305
65	5	fancy	7.97341
65	6	dinner	10.1339
65	7	ate	14.8161
65	8	the	2.87306
65	9	meal	11.8486
65	10	quickly	11.0811
66	1	The	1.69753
66	2	students	12.3471
66	3	who	2.46498
66	4	were	3.44454
66	5	prepared	7.3054
66	6	a	11.602
66	7	fancy	9.63794
66	8	dinner	12.9092
66	9	ate	12.553
66	10	the	2.40779
66	11	meal	11.8392
66	12	quickly	7.28329
67	1	The	1.80135
67	2	students	12.3008
67	3	gotten	11.6118
67	4	a	3.27398
67	5	fancy	8.45195
67	6	dinner	10.2284
67	7	ate	12.6695
67	8	the	2.85573
67	9	meal	11.6572
67	10	quickly	7.54909
68	1	The	1.91854
68	2	students	12.3798
68	3	who	2.46532
68	4	were	3.51412
68	5	gotten	9.56348
68	6	a	4.08708
68	7	fancy	8.22182
68	8	dinner	10.2455
68	9	ate	12.3161
68	10	the	2.75374
68	11	meal	11.6027
68	12	quickly	7.24403
69	1	The	1.72334
69	2	infant	11.044
69	3	fed	12.1462
69	4	during	15.407
69	5	the	2.68689
69	6	night	8.54177
69	7	yelled	16.2293
69	8	intensely	11.7172
70	1	The	1.79632
70	2	infant	11.0471
70	3	that	13.8321
70	4	was	4.54009
70	5	fed	8.55954
70	6	during	9.73798
70	7	the	1.22687
70	8	night	7.37724
70	9	yelled	14.8279
70	10	intensely	10.6471
71	1	The	1.66201
71	2	infant	11.0776
71	3	aroused	11.8784
71	4	during	9.3054
71	5	the	1.13954
71	6	night	7.11661
71	7	yelled	15.3016
71	8	intensely	12.1889
72	1	The	1.80994
72	2	infant	11.0635
72	3	that	14.2519
72	4	was	3.46075
72	5	aroused	8.2601
72	6	during	5.97774
72	7	the	0.954899
72	8	night	7.30399
72	9	yelled	16.0874
72	10	intensely	12.8926
73	1	The	1.74637
73	2	refugee	11.2441
73	3	sheltered	15.7989
73	4	in	4.95658
73	5	the	2.29292
73	6	basement	9.78377
73	7	departed	10.4758
73	8	during	5.81994
73	9	the	1.03157
73	10	night	6.59271
74	1	The	1.76126
74	2	refugee	11.1566
74	3	who	14.3524
74	4	was	3.22825
74	5	sheltered	12.5299
74	6	in	1.76341
74	7	the	2.03538
74	8	basement	10.454
74	9	departed	16.6984
74	10	during	5.89046
74	11	the	0.909033
74	12	night	6.60776
75	1	The	1.71429
75	2	refugee	11.2299
75	3	hidden	11.2401
75	4	in	13.7763
75	5	the	4.49535
75	6	basement	9.79265
75	7	departed	16.3732
75	8	during	8.11551
75	9	the	0.68623
75	10	night	6.49496
76	1	The	1.95617
76	2	refugee	11.501
76	3	who	14.0709
76	4	was	2.84872
76	5	hidden	8.75453
76	6	in	2.20108
76	7	the	1.62369
76	8	basement	10.2486
76	9	departed	15.9338
76	10	during	6.13652
76	11	the	0.864468
76	12	night	6.39428
77	1	The	1.79885
77	2	dog	11.5807
77	3	walked	9.3341
77	4	on	1.89289
77	5	the	1.62252
77	6	beach	7.86991
77	7	UNK-LC-ed	11.1687
77	8	after	4.42598
77	9	a	2.31103
77	10	bird	11.7382
78	1	The	1.78643
78	2	dog	11.605
78	3	that	13.9787
78	4	was	4.40114
78	5	walked	10.5632
78	6	on	2.59527
78	7	the	1.295
78	8	beach	7.89866
78	9	UNK-LC-ed	11.0484
78	10	after	4.4457
78	11	a	2.27616
78	12	bird	11.6918
79	1	The	1.77416
79	2	dog	11.5918
79	3	seen	11.7896
79	4	on	6.98865
79	5	the	1.02876
79	6	beach	8.91438
79	7	UNK-LC-ed	7.58149
79	8	after	5.47742
79	9	a	2.19223
79	10	bird	11.5159
80	1	The	1.8106
80	2	dog	11.5324
80	3	that	4.93037
80	4	was	2.85233
80	5	seen	5.84445
80	6	on	4.1653
80	7	the	1.04075
80	8	beach	8.44588
80	9	UNK-LC-ed	5.7798
80	10	after	4.66515
80	11	a	1.96483
80	12	bird	11.7641
81	1	The	1.68446
81	2	ship	8.89806
81	3	steered	9.94968
81	4	off	4.52696
81	5	course	9.53144
81	6	sank	16.4934
81	7	in	3.92708
81	8	the	1.39712
81	9	storm	8.02413
82	1	The	1.68391
82	2	ship	8.95339
82	3	that	10.1138
82	4	was	3.22982
82	5	steered	11.1106
82	6	off	4.04824
82	7	course	7.83834
82	8	sank	15.9414
82	9	in	3.83594
82	10	the	1.56449
82	11	storm	8.27974
83	1	The	1.90828
83	2	ship	8.99129
83	3	blown	11.6148
83	4	off	3.50027
83	5	course	8.56866
83	6	sank	15.9113
83	7	in	3.8375
83	8	the	1.78879
83	9	storm	8.45597
84	1	The	1.63009
84	2	ship	8.93662
84	3	that	12.2334
84	4	was	6.39182
84	5	blown	10.2379
84	6	off	2.7754
84	7	course	10.9269
84	8	sank	16.2851
84	9	in	3.51225
84	10	the	1.4791
84	11	storm	8.34193
85	1	The	1.89226
85	2	fans	11.5766
85	3	cheered	11.4437
85	4	at	6.89167
85	5	the	1.44804
85	6	concert	10.3813
85	7	took	8.16841
85	8	photos	9.30747
85	9	with	4.9096
85	10	their	5.21131
85	11	phones	8.09184
86	1	The	1.82502
86	2	fans	11.4997
86	3	that	4.05959
86	4	were	3.1189
86	5	cheered	8.62225
86	6	at	4.74944
86	7	the	1.48271
86	8	concert	10.1954
86	9	took	7.29426
86	10	photos	9.07662
86	11	with	6.43455
86	12	their	5.24699
86	13	phones	7.85872
87	1	The	1.9325
87	2	fans	11.537
87	3	UNK-LC-ed	5.55731
87	4	at	4.15636
87	5	the	1.35312
87	6	concert	10.5467
87	7	took	8.90068
87	8	photos	9.29679
87	9	with	4.46849
87	10	their	5.29125
87	11	phones	7.99743
88	1	The	1.82775
88	2	fans	11.5813
88	3	that	5.15795
88	4	were	3.0294
88	5	UNK-LC-ed	4.02672
88	6	at	3.35798
88	7	the	1.27225
88	8	concert	10.1254
88	9	took	7.00694
88	10	photos	9.06955
88	11	with	5.05971
88	12	their	5.17575
88	13	phones	7.99393
89	1	The	1.89623
89	2	boat	11.2648
89	3	steered	10.1196
89	4	to	2.85037
89	5	the	1.3274
89	6	sea	9.1846
89	7	disappeared	13.0342
89	8	in	1.54338
89	9	the	1.2541
89	10	storm	8.56268
90	1	The	1.7874
90	2	boat	11.236
90	3	that	4.85919
90	4	was	3.57228
90	5	steered	10.857
90	6	in	3.89796
90	7	the	2.70369
90	8	sea	8.20849
90	9	disappeared	11.0685
90	10	in	2.35082
90	11	the	1.41309
90	12	storm	8.56399
91	1	The	1.83553
91	2	boat	11.3759
91	3	sunk	16.4846
91	4	in	3.32159
91	5	the	2.22656
91	6	sea	8.86317
91	7	disappeared	14.5857
91	8	in	1.50712
91	9	the	1.33344
91	10	storm	8.7793
92	1	The	1.75345
92	2	boat	11.3363
92	3	that	4.86225
92	4	was	3.58638
92	5	sunk	11.6798
92	6	in	3.08262
92	7	the	1.49742
92	8	sea	9.04514
92	9	disappeared	11.0002
92	10	in	2.41175
92	11	the	1.52587
92	12	storm	8.1029
93	1	The	1.63227
93	2	couple	9.00999
93	3	bought	11.3672
93	4	the	2.37324
93	5	apartment	11.8346
93	6	moved	14.2972
93	7	to	1.44473
93	8	a	2.31633
93	9	different	8.41315
93	10	city	5.63623
94	1	The	1.77752
94	2	couple	9.50982
94	3	that	12.5104
94	4	was	5.79328
94	5	bought	9.65555
94	6	the	3.27796
94	7	apartment	11.6581
94	8	moved	13.404
94	9	to	1.70039
94	10	a	2.26221
94	11	different	8.38654
94	12	city	5.75903
95	1	The	1.75534
95	2	couple	9.54297
95	3	shown	10.9852
95	4	the	3.16827
95	5	apartment	10.6209
95	6	moved	9.56918
95	7	to	1.72816
95	8	a	2.13516
95	9	different	6.82196
95	10	city	6.59273
96	1	The	1.76257
96	2	couple	9.29893
96	3	that	12.048
96	4	was	5.12601
96	5	shown	7.22571
96	6	the	5.97485
96	7	apartment	9.87813
96	8	moved	10.2997
96	9	to	1.74795
96	10	a	2.28758
96	11	different	7.07035
96	12	city	6.46115
97	1	The	1.7824
97	2	girl	11.2223
97	3	made	6.01322
97	4	a	1.908
97	5	new	3.94878
97	6	blanket	11.9859
97	7	lost	12.726
97	8	it	11.304
97	9	during	7.82474
97	10	the	1.09691
97	11	trip	8.32246
98	1	The	1.6922
98	2	girl	11.2479
98	3	who	3.94745
98	4	was	3.94591
98	5	made	6.78568
98	6	a	5.59088
98	7	new	3.52996
98	8	blanket	12.2262
98	9	lost	12.6722
98	10	it	9.81972
98	11	during	5.56153
98	12	the	0.985201
98	13	trip	8.44039
99	1	The	1.75585
99	2	girl	11.4278
99	3	given	10.2204
99	4	a	3.01406
99	5	new	3.85816
99	6	blanket	12.0616
99	7	lost	11.846
99	8	it	4.33452
99	9	during	5.94274
99	10	the	1.13343
99	11	trip	8.52015
100	1	The	1.96398
100	2	girl	11.3344
100	3	who	3.54239
100	4	was	3.98069
100	5	given	6.24246
100	6	a	2.40583
100	7	new	3.60889
100	8	blanket	12.0818
100	9	lost	10.5933
100	10	it	4.046
100	11	during	6.16136
100	12	the	1.23404
100	13	trip	8.1804
101	1	The	1.69491
101	2	airplane	21.7351
101	3	landed	17.5599
101	4	in	4.63173
101	5	the	2.47906
101	6	mountains	13.9677
101	7	broke	7.5771
101	8	down	2.89694
101	9	during	6.12099
101	10	the	1.07369
101	11	ice	10.127
101	12	storm	10.6147
102	1	The	1.99179
102	2	airplane	21.3772
102	3	that	15.9662
102	4	was	3.96938
102	5	landed	11.7701
102	6	in	2.2142
102	7	the	2.32833
102	8	mountains	12.701
102	9	broke	14.4916
102	10	down	5.31369
103	1	The	1.81009
103	2	airplane	21.6759
103	3	flown	16.9898
103	4	in	3.44588
103	5	the	2.21855
103	6	mountains	12.9172
103	7	broke	6.86916
103	8	down	2.62949
103	9	during	6.76349
103	10	the	1.00045
103	11	ice	10.2806
103	12	storm	10.6643
104	1	The	1.71764
104	2	airplane	21.4087
104	3	that	11.1421
104	4	was	2.25733
104	5	flown	9.85618
104	6	in	3.16625
104	7	the	1.70593
104	8	mountains	11.0411
104	9	broke	7.2919
104	10	down	3.07177
104	11	during	6.63323
104	12	the	1.00203
104	13	ice	10.2744
104	14	storm	10.7885
105	1	The	1.87057
105	2	child	10.3297
105	3	carried	9.4035
105	4	down	3.24465
105	5	the	2.43503
105	6	hall	9.13633
105	7	yelled	15.3448
105	8	at	4.15123
105	9	the	1.34562
105	10	top	4.82759
105	11	of	1.40004
105	12	his	2.72484
105	13	lungs	8.34173
106	1	The	1.84932
106	2	child	9.99509
106	3	that	9.031
106	4	was	3.63473
106	5	carried	7.84214
106	6	down	3.56133
106	7	the	4.37549
106	8	hall	9.05337
106	9	yelled	11.0632
106	10	at	3.88072
106	11	the	1.31493
106	12	top	4.61329
106	13	of	1.21688
106	14	his	2.73351
106	15	lungs	8.27484
107	1	The	1.65257
107	2	child	9.74413
107	3	borne	14.4261
107	4	down	3.51437
107	5	the	3.04399
107	6	hall	8.99086
107	7	yelled	10.9915
107	8	at	4.76899
107	9	the	1.77051
107	10	top	4.75031
107	11	of	1.25065
107	12	his	2.76569
107	13	lungs	8.24676
108	1	The	2.01958
108	2	child	10.2687
108	3	that	5.28237
108	4	was	3.58018
108	5	borne	9.94337
108	6	down	2.54729
108	7	the	5.40045
108	8	hall	9.26723
108	9	yelled	10.0397
108	10	at	4.70746
108	11	the	1.4175
108	12	top	4.77298
108	13	of	1.12348
108	14	his	2.50113
108	15	lungs	8.2503
